-2.254384458065033, 0.5487040132284164
-2.0540390759706497, 0.5557805597782135
-2.303591560572386, -0.047419726848602295
-0.7448508385568857, -0.5028514862060547
-2.8230229914188385, 0.8093537855893373
-1.4274845123291016, 1.4835840165615082
-1.3214656114578247, 0.09438827633857727
-2.028286747634411, 1.0806758720427752
-0.798517256975174, 0.8371041417121887
-1.556841880083084, -0.8985426127910614
-1.0867036543786526, 1.7443277575075626
-1.4234793484210968, 0.6246072947978973
-0.04958712309598923, 0.14585793018341064
-1.034866914153099, 1.7782845795154572
-2.4200271666049957, 1.5258017182350159
-1.5059957802295685, 1.6549006551504135
1.0103087136521935, 1.0772203505039215
0.50937420129776, 2.1067522764205933
-2.0734105110168457, 1.002938985824585
0.06538470089435577, 2.3459045439958572
-2.8920012414455414, -0.45299677457660437
-2.6308281421661377, -0.6597962826490402
-1.116435468196869, 0.7357606291770935
0.6125349719077349, 0.7667449712753296
-0.7843497358262539, 1.3829058855772018
-0.9543732106685638, 0.5949940457940102
-3.6842235922813416, 1.3225136287510395
-2.9012724459171295, 0.9717957973480225
-0.6350714266300201, -0.2262333743274212
-2.755473867058754, 1.9642399549484253
-2.4718832969665527, 0.7480382025241852
-1.9855939596891403, 1.2740028873085976
0.15692388638854027, 0.5998491048812866
-1.7527616918087006, 3.9019059538841248
0.11172091960906982, 5.05482542514801
-2.084023594856262, 4.950645346194506
-0.12340434547513723, 0.715551108121872
-1.2165417121723294, 0.709870807826519
0.49766290187835693, -0.5657856315374374
-0.6744115203619003, 3.0483604073524475
-1.9826841056346893, 0.23216848075389862
-0.9662749469280243, 1.1427659774199128
-1.4195610731840134, 0.41366681456565857
0.14414820820093155, 0.017972096800804138
-0.21656996756792068, 1.5501257479190826
-0.9299282431602478, 3.727613367140293
-0.2009819820523262, -0.13587194681167603
-2.989883780479431, 1.526769995689392
-0.8179041594266891, 0.7437479607760906
-3.1841703802347183, 0.5296036005020142
-1.6138578206300735, 1.6327747330069542
-2.3427532985806465, 1.691753548104316
-0.9283424057066441, 0.3569040298461914
-2.0655524134635925, 0.8322192952036858
-0.5324834734201431, -0.3138887509703636
-0.4264024719595909, 0.48298728466033936
-4.71328230202198, 0.01172839105129242
-2.302417814731598, 0.15886563062667847
-2.4954075949499384, 1.052801039069891
-0.40705396234989166, 2.8172223437577486
-0.24873483180999756, 2.9641861468553543
-1.2800390422344208, 1.485515933483839
-3.3686386942863464, 0.19113550009205937
-2.607278883457184, 1.331564649939537
1.0162564106285572, 1.2516124844551086
-1.964859515428543, 1.1809291541576385
-1.4002264961600304, 1.6697118282318115
-0.022013935260474682, 0.9712456688284874
-2.4049692153930664, 0.4033248871564865
-2.8735505640506744, 0.7971525341272354
-2.2265181988477707, 1.067041426897049
-2.1723669171333313, 0.2851260304450989
-2.8813285529613495, 1.6778411865234375
-0.6989515200257301, -6.434482127428055
0.17007878422737122, 1.8961085379123688
-2.0995326191186905, -0.3040207475423813
-2.1195185855031013, 0.4526407718658447
-2.115315929055214, 1.6446624994277954
-2.7113848328590393, 0.2713644206523895
-1.0890469588339329, 0.405666206497699
-2.641372922807932, 0.8087016195058823
-2.5776473581790924, -1.0534735657274723
-2.049079343676567, 1.3559718132019043
-1.548190699890256, 1.3117693066596985
-5.004985570907593, 2.6234406232833862
-1.6218090802431107, 2.4261065050959587
-2.7528403997421265, 0.32957470417022705
-2.8511960804462433, 1.2196627780795097
-2.7807728052139282, -0.6782261431217194
-1.2729526311159134, 0.5306494291871786
-1.927313607186079, 1.8887118995189667
-0.47388894110918045, 0.40042513608932495
-0.15019994974136353, 1.5514007806777954
-2.2959907464683056, 1.1017538607120514
-2.636600524187088, 0.7113763969391584
-2.217861086130142, 0.016531258821487427
-3.450330004096031, 0.615228146314621
-2.5210419185459614, 1.1715796291828156
-4.296509832143784, -0.35432126000523567
-0.38410912454128265, 0.667810708284378
-3.6410546004772186, -1.6509839743375778
0.208471417427063, 1.976295381784439
-1.1750189661979675, -1.256836012005806
-1.4017123579978943, 1.456903263926506
-0.757346898317337, -0.4972621574997902
-0.15372049808502197, -0.2503493130207062
0.42895379662513733, -1.1526743173599243
-2.036163840442896, 1.298041470348835
-0.6829801313579082, -0.25117569137364626
-0.7431619167327881, 0.5980437695980072
-1.0910788774490356, 1.5747323632240295
0.5177986696362495, -1.3585775792598724
-0.0819101631641388, 1.8303531110286713
-1.5355195980519056, 0.7207795977592468
-3.180630922317505, 1.7073366716504097
-1.1905876053497195, 0.5733429118990898
-1.2636465765535831, 1.0912202596664429
-1.4847134500741959, 0.07282358407974243
-0.7047531008720398, -0.3477852940559387
-0.8889593267813325, -1.401602253317833
-2.597554385662079, -0.07260430604219437
0.8975414335727692, 0.7771836826577783
-1.3964615315198898, 1.6357258409261703
-1.4200150072574615, 0.050767578184604645
-1.6704469099640846, 0.7383231222629547
-1.1381773464381695, 2.8726270347833633
-1.2925100401043892, 0.33803123235702515
-1.8336232900619507, 2.5394460409879684
-0.32368890568614006, 0.9446022063493729
-2.4945112988352776, -0.4919183552265167
-2.9966039955615997, -0.4783759154379368
-3.5941275656223297, -0.04294566065073013
-3.465980187058449, 0.13210234884172678
-2.7158783487975597, 0.9319810569286346
-2.66937492787838, -1.157724380493164
-3.376637428998947, 0.3325953036546707
-1.5757793188095093, 0.9654170870780945
-3.4580794740468264, 1.6496103405952454
-2.271041065454483, 0.8402629345655441
-0.5503948330879211, 0.9247440919280052
-3.5622157379984856, -0.19524585036560893
-1.5492744445800781, 1.3823964446783066
-3.863894037902355, 1.0110722780227661
-1.621954083442688, 0.05087167024612427
-0.9683766663074493, -0.7171346992254257
-0.3938615545630455, 0.7845390066504478
-0.25866540521383286, 1.0079468488693237
-3.1419273912906647, 0.7393229901790619
-1.822830956429243, 3.1019715666770935
0.1661468930542469, 1.6598220467567444
-1.9188185036182404, 1.0711939930915833
-1.1465770155191422, 3.351658135652542
-2.238892987370491, 0.28959858417510986
-1.9181632995605469, 1.0381996035575867
-3.6323343068361282, 1.1035054251551628
1.0616815388202667, 1.7009138762950897
-0.42564863339066505, 0.9688254594802856
-1.9906241670250893, 0.09245100431144238
-1.050153348594904, 1.4970766305923462
-0.9021213948726654, 0.2246408760547638
-1.6053762286901474, 0.6734912842512131
-2.2205540165305138, 0.4293505996465683
-2.542264774441719, 1.1520600318908691
-3.5482679158449173, 0.6066389679908752
-1.8496690327301621, 2.104580767452717
-2.015239465981722, 2.2387752532958984
-2.9931351747363806, 1.6574435904622078
-3.06863359734416, 0.2205931842327118
-2.2234365046024323, 0.5397491455078125
-2.3995249196887016, 1.9894807040691376
-1.0731301195919514, -0.12654215097427368
-2.9128525257110596, 0.5038187503814697
-3.0137222837656736, 0.8172756731510162
-2.9541670978069305, 0.432513952255249
-0.4307936429977417, -0.41707591712474823
-1.7130978107452393, -0.13290834426879883
-2.482382357120514, -0.837356224656105
-3.7611685395240784, 1.9602484703063965
-1.4754319190979004, -0.6983702778816223
-1.1451621428132057, 0.13832557201385498
-2.87932425737381, 0.5004690587520599
-1.1230585724115372, 0.8337030410766602
-2.134162962436676, -0.3381202816963196
-2.436674028635025, 2.8728186786174774
-2.609407566487789, 0.2553870677947998
-2.720607027411461, 0.7421978935599327
-0.9518192261457443, -0.3898874521255493
-1.7114689499139786, -0.32869523763656616
-1.5288882497698069, 0.7167328894138336
-2.398627907037735, 2.5371679067611694
-2.6638907194137573, 0.12755584716796875
-0.8568510301411152, 1.2381389737129211
-3.2656501047313213, 0.5966501235961914
-3.1207556538283825, -0.06292244791984558
-1.9513128697872162, -0.9063152819871902
-2.9921980500221252, 1.1179381310939789
-3.014068514108658, 0.36295732855796814
-0.9375296384096146, 2.9528459226712584
-3.52995502948761, -0.3295769989490509
-1.3589116483926773, 0.3638593554496765
-0.1778031513094902, 3.0729601085186005
-2.9661538898944855, 0.5088471174240112
-1.2638321183621883, 0.2427252233028412
-2.906105652451515, 0.6388880014419556
-2.714893490076065, -0.7884855568408966
-2.5055242776870728, 2.302649140357971
-0.6857632249593735, 1.8845848366618156
-2.6122020557522774, 1.2617560774087906
-1.1688347831368446, 0.36905014514923096
-2.8878653943538666, 0.8742901682853699
-2.488156571984291, 0.5859541893005371
-1.7657598704099655, 1.9404351711273193
-2.7060387078672647, 1.8667892813682556
-1.2246497115120292, -0.12474501878023148
-3.362148255109787, 0.2054181694984436
-2.303168296813965, 1.2670928984880447
-1.1854880414903164, 0.878714457154274
-1.8325756192207336, 0.900019109249115
-1.749401181936264, 1.6758234947919846
-2.229191333055496, 1.0293404757976532
-2.103557750582695, 1.7506492137908936
-2.2362873554229736, 0.09530557692050934
-1.9515239596366882, 1.297521784901619
0.07470638677477837, 2.2736878097057343
-1.941956389695406, 1.2441125363111496
-2.8165414929389954, 0.6259369105100632
-3.257020726799965, -0.6427429020404816
-3.362738609313965, -0.17996525764465332
-2.705589920282364, -0.9024115353822708
-3.165639951825142, -0.674065038561821
-1.8160153962671757, -0.8455300126224756
-2.3240805566310883, 1.6479582786560059
-1.9574672318995, 0.6133302450180054
-2.748923659324646, 0.4483909606933594
-0.21629724651575089, 0.696296252310276
-0.43765899538993835, 3.576434373855591
-1.4848323464393616, 1.5931101739406586
-0.6082870215177536, 0.06230109930038452
-2.4362921118736267, 0.9790651798248291
0.9380932860076427, 0.5536266416311264
-2.8251911401748657, 0.7927653603255749
-2.0358815491199493, 0.5313924551010132
-1.5053473114967346, -0.6882262974977493
1.1023920774459839, 1.1919772699475288
-2.461072653532028, 0.8213885426521301
0.44356563687324524, 1.0696852058172226
-0.2823253460228443, 3.299508959753439
-2.4253232404589653, 1.7569772377610207
-1.4351276010274887, 2.3486184626817703
-1.907244697213173, -1.5632719993591309
-3.0567760169506073, 1.0609342344105244
-2.646573394536972, -0.983470231294632
1.8636791706085205, 0.938626691699028
-1.8699375987052917, -0.20560380443930626
0.4352746903896332, 0.5459877401590347
1.815531075000763, 2.813628911972046
-1.5098170638084412, 0.35689716041088104
-1.9546321034431458, 1.142014041543007
-2.826539136003703, 2.3463508524000645
-0.6568367630243301, -0.3639801889657974
-1.53274492546916, -0.09997382760047913
-2.511236673220992, 2.927898347377777
-6.272695302963257, -2.069792814552784
-2.5278259068727493, 0.19783928990364075
-3.624130129814148, 0.7484612017869949
-4.891173839569092, -2.4294612109661102
1.1775830388069153, -1.5666764676570892
-0.011817924678325653, 1.1237256526947021
-0.7361612915992737, 1.699838638305664
-0.8629669398069382, 0.6650302708148956
-1.8511968366801739, 0.46229803934693336
-1.1252556145191193, 0.9920872896909714
-0.9096698611974716, 0.94864905718714
-2.2872159481048584, -0.05056077241897583
-2.519709974527359, 1.849780797958374
0.24066418409347534, 3.05800461769104
-2.012683518230915, 0.961107574403286
-3.81094241887331, 3.4942343309521675
-4.975480582565069, 0.1898060142993927
-3.723517954349518, 2.1890595257282257
-0.6920498311519623, 0.9784447103738785
-1.5946804583072662, 0.9335172176361084
-2.7836677730083466, 1.591222032904625
-0.15575627610087395, 0.7110924897715449
-0.7624915987253189, 0.26802441477775574
-1.6429007053375244, 0.8912776783108711
0.09195089340209961, 1.161583736538887
-0.697066642343998, 1.7609623074531555
-3.060274764895439, 2.226820722222328
-0.1395145282149315, 1.4200222492218018
-0.6286315061151981, -0.19810733199119568
-2.652421236038208, 0.9720138162374496
-1.210173562169075, 1.4218157082796097
-1.1815185248851776, 0.9971259348094463
-0.4518636614084244, 1.7573623359203339
-2.4447655081748962, 2.4809115529060364
-2.779407322406769, 0.9518785327672958
-1.409365326166153, 1.3431776612997055
-1.634767770767212, -0.06330594420433044
-1.8159005139023066, 1.1502493172883987
-0.5113581717014313, 1.784252554178238
-1.2829015641473234, 1.3769172132015228
-1.7848391681909561, 0.27358052134513855
-1.5503951609134674, 1.628803938627243
-0.28496770560741425, 2.4464223384857178
-0.7768423408269882, 0.503104142844677
-1.5512233674526215, 0.8704026378691196
-2.1624514162540436, -2.855214960873127
-3.38258820772171, -0.2398863285779953
-1.9210117273032665, 0.5393388979136944
-2.0070899724960327, 1.8253735303878784
-2.223367713391781, 0.7832120745442808
-1.870070144534111, 1.010150969028473
-0.33145043533295393, 0.27156371995806694
-0.3547341078519821, 0.8147496581077576
-0.4314112067222595, 0.7539183273911476
-1.1249901333940215, -0.7181195765733719
-2.7863869071006775, 0.527955561876297
-1.3943702578544617, 0.765577644109726
-0.7348733395338058, 2.0258857682347298
0.19541025161743164, 0.12902894616127014
-1.2162981182336807, 0.32970599830150604
-0.975540816783905, -0.4974447637796402
-0.40961810760200024, 2.2685722708702087
-0.2591385692358017, -1.0775960087776184
-1.432015523314476, -0.13918275432661176
-0.789288617670536, -0.09365154802799225
-1.1366908550262451, 0.07923667132854462
-1.2492157854139805, 0.5601800680160522
-2.664818823337555, -1.7494988813996315
-0.31961318850517273, -0.42713139206171036
-0.626439031213522, -0.058060549199581146
-0.4820453003048897, 1.1703793555498123
0.8673973940312862, -0.05859228316694498
-0.2314150631427765, 3.369301199913025
1.4949970245361328, -0.8682697713375092
-5.245627164840698, -0.9616357386112213
0.6970520168542862, -0.8823413625359535
-3.631336271762848, 0.3062529191374779
0.026494018733501434, 1.206294298171997
-2.517055705189705, 3.894290566444397
0.05809365212917328, -3.2861734479665756
-1.1792646795511246, 1.0923500061035156
-1.3587989211082458, 3.530975505709648
-0.5900248885154724, 0.13467013835906982
-0.5142164528369904, 0.21067266166210175
-0.81931172311306, 0.9152727276086807
-2.0362008810043335, 0.2321881651878357
-2.56735397875309, -2.655729830265045
-1.4730663895606995, -2.8356138356029987
-0.8880832716822624, -2.7903875708580017
-1.9274300932884216, 2.5171642005443573
1.1631252616643906, -1.1741386651992798
-2.987674653530121, 1.478917472064495
-2.464222550392151, 0.3135526180267334
-2.1030714344233274, 0.33270442485809326
-2.3778621442615986, 0.37973150610923767
-0.48397818952798843, -1.7757481932640076
-2.804002597928047, -0.3406293988227844
-2.128988392651081, -1.0513663738965988
-2.3744164258241653, 2.1412273421883583
-2.99786164611578, -1.3470848053693771
-1.116049624979496, 0.041884244652464986
-4.034283825196326, 1.5003740563988686
-3.1648539006710052, 0.2239246368408203
-3.4350393414497375, 1.1697236616164446
-1.0579880475997925, 0.9267849996685982
-2.0910220444202423, 0.6763222217559814
-1.0878742216154933, 3.436544083058834
0.0060254670679569244, 2.3058257810771465
-0.6716257594525814, 0.8691090047359467
-2.2487776279449463, 3.050820007920265
-0.4372479021549225, -0.18708369135856628
-2.602475196123123, 0.5330376476049423
-0.8054544255137444, 0.05707851052284241
-1.9366087019443512, -1.210965108126402
-0.7096865773200989, -0.1806114912033081
-3.792392425239086, -0.9465438425540924
1.0702177993953228, 3.4919344186782837
-3.4470600187778473, 0.5418656468391418
-0.267955519258976, -0.010106414556503296
-2.5757142901420593, 2.1580485105514526
-1.7388921827077866, 1.9887606501579285
-0.45335453003644943, 1.8043493628501892
-1.4732116684317589, 0.5421628914773464
-3.3032695204019547, -0.16720386687666178
-2.276044577360153, 2.2687414586544037
-1.6103968024253845, -1.57251338660717
-3.262599229812622, 0.7836824357509613
0.7154281735420227, -2.0161031410098076
-2.547613907721825, 0.7378374263644218
-2.3987679481506348, 0.37492741644382477
-2.954875946044922, 1.1471418142318726
-0.549614667892456, 3.9929909110069275
-4.307247221469879, 1.375042349100113
-3.2276637256145477, 0.03839200735092163
-3.1577475368976593, 1.217787742614746
-1.266034483909607, 1.8392272293567657
-1.4098598919808865, 0.8500632345676422
-0.5784010887145996, -0.12795457243919373
-0.016589421778917313, 0.5185339450836182
-4.1999421576038, 1.4860951602458954
-1.8143585622310638, 0.8047940731048584
-3.9603148996829987, 0.278286874294281
-1.4301161170005798, 1.27896249294281
-1.2604765444993973, 0.7297095060348511
-4.090463012456894, 2.930122882127762
-1.3019583597779274, -0.9269444793462753
0.314797043800354, 0.723382294178009
0.16254355758428574, 0.12027585506439209
-0.3248017467558384, 1.6670400947332382
-0.9101368859410286, 0.2684065103530884
-0.07155883312225342, -0.1446317583322525
-1.3450373522937298, 1.6042723953723907
-1.8902750611305237, 0.17089510709047318
-2.917516350746155, 0.9407149143517017
-1.2955538034439087, 0.7687900960445404
-2.8966155350208282, 1.89701546728611
-3.5444135516881943, 1.3753576757153496
-4.100844651460648, 1.6739343237131834
-2.2029439955949783, 1.8509438931941986
-3.1011016573756933, 1.6186726577579975
-2.6895069926977158, 0.20911772549152374
-1.4743843972682953, -1.606756016612053
-0.8293524384498596, 1.3734427690505981
1.4126493241637945, 2.212795838713646
-3.452156513929367, 1.0632651671767235
-2.138766869902611, -0.07252295315265656
-3.986414834856987, -1.544071026146412
-3.078495543450117, 1.3420916199684143
-3.726441935636103, 0.8350064307451248
-4.874824807047844, 0.7246964834630489
-0.4105159640312195, 1.9762848615646362
-2.4696393348276615, -1.081052079796791
-2.1242048740386963, 0.06275129318237305
-2.7227922528982162, 0.8101495802402496
-0.7352971471846104, 0.03335516154766083
-0.020140141248703003, -0.39101550355553627
-0.6677100472152233, 0.0147433802485466
3.455700308084488, 0.9158731997013092
-0.3203023597598076, 2.26900315284729
-0.06305928528308868, -0.2022060975432396
-2.8033902049064636, -0.8928615152835846
-2.537585139274597, -1.3798662722110748
-2.1914150193333626, -1.3449715375900269
4.522089499980211, 1.40378987044096
-2.8420281894505024, -0.6183577328920364
0.8294506967067719, 1.2605348825454712
-3.3841268122196198, -0.343673974275589
-1.698748603463173, -1.389253605157137
-3.306059337221086, 2.4032880067825317
-2.4918313026428223, 1.3040428459644318
-1.8803222253918648, 1.2706654919311404
-0.9194527715444565, 2.3338791131973267
-1.190370937809348, -1.0086330622434616
-0.6855521202087402, 1.7330365777015686
0.6701306290924549, 0.8334359303116798
1.3686998561024666, 2.040534781292081
-0.48921671509742737, 0.8100198917090893
-0.788763165473938, 1.1497427821159363
-1.2581257447600365, -0.4873186945915222
-2.127375753596425, 2.203510783612728
-1.7791936080902815, 1.144448608160019
-0.41933196783065796, -1.2207354605197906
-2.2299331724643707, 1.1129638701677322
-2.428603194653988, 1.7108730375766754
-3.577688306570053, 1.1751005351543427
-2.4201436955481768, 0.08017709851264954
-1.538822941482067, 1.7884559035301208
-2.038029134273529, 1.8272090554237366
-1.6375536918640137, 1.6929562985897064
-1.998685210943222, -0.9467760846018791
-1.8106559738516808, -0.7483169883489609
-2.524631317704916, -0.33076804876327515
-0.6346419751644135, 1.2384993731975555
0.18955015111714602, 1.6670448258519173
0.001559041440486908, 0.5537529736757278
-3.119382218224928, 0.456181064248085
-3.2950727343559265, 0.07641196250915527
-3.268351621925831, 0.12762156128883362
-1.2416727542877197, -0.1958971917629242
-3.2170172035694122, 0.13275563716888428
-3.560193046927452, 1.0040356516838074
-4.272511899471283, 1.467558741569519
-3.9146199822425842, 1.5628679990768433
-3.3320498317480087, 0.7349341958761215
-2.8226603604853153, 1.3746018409729004
-3.534894675016403, 1.0944885909557343
-3.336399257183075, 0.6181366108357906
-3.692634016275406, 0.3255382552742958
-3.582838576287031, 0.08557000756263733
-3.001296103000641, -1.9799474328756332
-3.796488957479596, 0.9658645167946815
-3.3648767471313477, -0.3257012367248535
-2.0070045739412308, -0.33597052097320557
-3.1655414700508118, 0.7712326645851135
-3.8524622321128845, -0.6472010314464569
-3.876157581806183, 0.5284638106822968
-2.664134219288826, -0.7262843549251556
-2.17937034368515, -3.3346352726221085
-3.6817571446299553, 0.7452002316713333
-2.963423255831003, 4.099103629589081
-1.9579217294231057, 1.04340660572052
-1.4159493446350098, 0.45653897523880005
-2.105122983455658, 1.064762830734253
-2.37108051776886, 0.5197335183620453
-2.377094332128763, 0.8415335193276405
0.2672133669257164, 0.17372620105743408
-2.199816569685936, -0.23781154304742813
-3.5737664252519608, -1.0422195345163345
-2.3614031076431274, -1.6660388363525271
0.1365654394030571, -1.3025829568505287
-2.9172381684184074, 0.2665359079837799
-3.1944182380102575, -0.19440001249313354
-1.4298047572374344, 1.0111679509282112
-1.5667916536331177, 2.281805068254471
-2.015456061810255, 0.9027119278907776
-0.6481054574251175, 0.9309079647064209
-3.8763018250465393, 0.8966639637947083
-3.2461166083812714, 0.21403121948242188
-1.548772405833006, 0.5194645673036575
-3.1896518766880035, 0.48674824833869934
-2.3457496017217636, -0.06989049911499023
-2.080682873725891, -0.14829113334417343
-3.9894677326083183, -0.8365913182497025
-4.0302717089653015, 0.2846916913986206
-2.3561669886112213, -0.2693866044282913
-2.836731221526861, -0.6494415337219834
-0.30370502546429634, 2.1359343454241753
-2.9438235461711884, 0.6391743421554565
-0.6390080749988556, 1.7727565839886665
-0.5582744628190994, 2.0380427837371826
-2.3668221309781075, -0.36529839038848877
-0.3043777793645859, -1.7540199160575867
-1.1715807616710663, 1.137734204530716
-3.428540527820587, 2.3213582634925842
-3.480520598590374, 4.361849129199982
-1.5159460604190826, 2.7714152932167053
0.45567844063043594, 0.3733667377382517
-1.5948466509580612, 1.8692004531621933
-0.6311504244804382, 0.03466399013996124
-2.7706303745508194, -0.5561217963695526
-0.5813537538051605, 2.0168692767620087
-1.209966778755188, 1.8699372559785843
-1.7834317088127136, 0.35546815721318126
-0.45815324783325195, -0.11004090309143066
0.36572346091270447, 1.3628135025501251
-3.449834182858467, -5.690613776445389
-0.4257480464875698, 0.9938685446977615
-2.2187843024730682, 2.044420540332794
-2.9091722071170807, -0.38468167930841446
-2.7998196482658386, -0.11161094903945923
-1.7363271415233612, 2.8263176530599594
-0.8152853846549988, -0.6276409029960632
-4.638095915317535, -2.391770973801613
1.1921080648899078, -0.09281814098358154
-2.952487036585808, 2.1929439157247543
-0.3885720372200012, 2.5979167968034744
-1.729948028922081, 3.782212734222412E-4
-1.3918643593788147, -0.9798106998205185
-0.5931055843830109, -1.7452096976339817
-0.4026765525341034, 1.086928466334939
-1.0599437169730663, 1.3360461369156837
-3.480940490961075, 2.2655822038650513
-4.867970824241638, 0.4462630935013294
-2.4569746255874634, 0.38077312707901
1.4048272520303726, 1.5278713181614876
-2.851076513528824, 1.293200135231018
-1.9029922783374786, 0.5989980846643448
-3.2371888756752014, -0.9509432017803192
-2.9212359338998795, -0.6541023105382919
-1.1264952570199966, 2.9070751070976257
-3.215611793100834, -2.932035267353058
-6.637287855148315, 0.19355885684490204
-2.2114476561546326, 0.2807925343513489
-1.7190383672714233, 1.3167109936475754
0.08806721866130829, 0.7925702631473541
-0.9236376285552979, -0.013892384245991707
-1.8862344026565552, 2.8496494814753532
-2.615070417523384, -0.5843792855739594
-1.754285054281354, 1.6171081215143204
-2.446443206630647, -1.027429074048996
1.0647648125886917, 3.3047550208866596
-2.9764207899570465, 0.9078284353017807
-1.7515491247177124, -2.2029648423194885
-2.2228611521422863, 0.5885134339332581
-1.8985096085816622, 0.2710839807987213
-2.8726328313350677, 0.6887889802455902
-2.6089878007769585, -0.524590790271759
0.18846853077411652, -1.185132771730423
-1.635325402021408, 0.8172589391469955
-3.613915055990219, 0.01820908486843109
-5.257346987724304, 0.3085882067680359
-2.112707655876875, 1.443699136376381
-0.10663348436355591, 1.7113895416259766
-2.2188392281532288, -0.10336712002754211
-1.2271871343255043, 0.1838584505021572
-1.4303016439080238, 1.139802485704422
-0.5313396006822586, -0.288946183398366
-2.067997545003891, -2.6583958119153976
-3.5834420546889305, -0.4706297516822815
-3.4227378517389297, 1.9362743198871613
-3.1024319101125, 0.5196098983287811
-3.0871807783842087, 1.9391863346099854
-4.1910127848386765, 0.7821138650178909
-2.190977767109871, 1.107692688703537
-4.027630165219307, -0.3587566167116165
-3.7626617774367332, 0.22111523151397705
-2.779717803001404, -0.5747038424015045
-3.3125708252191544, 0.4576593339443207
-2.0070398412644863, 0.8858935013413429
-2.0666383653879166, 1.5668501257896423
-2.2963236272335052, 0.830549031496048
-2.5110263973474503, -0.16871310770511627
-3.896470472216606, 1.0929573811590672
-3.027266412973404, -1.9587401151657104
-3.5218873464036733, -0.9044447541236877
-3.853492558002472, 1.4362012147903442
-0.8020977266132832, 1.769608050584793
-0.5764000415802002, 1.698357693850994
-3.66209280770272, -0.21643481706269085
-0.8980246186256409, 2.955248385667801
0.2472514510154724, -0.06213618814945221
-4.495906412601471, -1.8505161106586456
-0.8587490022182465, 1.6200036406517029
-2.975171536207199, -1.1214268654584885
-1.6425233483314514, 2.1602146923542023
-1.1335912123322487, 1.0601568222045898
-2.2642644494771957, 1.9074543192982674
-3.0708248615264893, 1.0631864666938782
-2.9854300916194916, 2.0334527380764484
-1.5349039137363434, -0.05088517814874649
-2.696921244263649, -0.890031524002552
-1.333062320947647, 3.470403403043747
-0.09820792078971863, -2.637241780757904
-0.7431972622871399, 0.5313472747802734
-1.21894858404994, -0.7763206250965595
-2.7166796950623393, 2.4440050423145294
-2.269767928868532, 2.115746408700943
-0.7389866858720779, 0.03853924572467804
-2.0169946253299713, 0.3882594406604767
-0.6929766535758972, 1.3336328025907278
-2.7657791301608086, -1.625670829322189
-3.081959944218397, -1.9306303150951862
-1.0564614832401276, 2.7799287289381027
-1.49165877699852, -0.6636273860931396
-2.0017319172620773, 0.6066056489944458
-3.2403326332569122, 0.8824758678674698
-0.9261928200721741, 1.1178918927907944
-1.2302819788455963, 2.6560570150613785
-3.550339847803116, 1.0348451137542725
-0.5841142684221268, 1.085107535123825
-2.091286636888981, 1.5565352588891983
-1.6681495066732168, 1.006819725036621
-2.195514038205147, 1.0971544682979584
-2.140391528606415, 0.7927015721797943
-3.3607706427574158, 0.6064733862876892
-2.7533448226749897, 2.117035210132599
-3.211263984441757, -0.0832844078540802
-2.0142736434936523, 0.6484659686684608
-3.328539341688156, -1.1851296126842499
-1.9499631226062775, 0.077252954011783
-2.0577865540981293, -1.3067777156829834
0.14361295849084854, -0.41592006012797356
-0.7672740593552589, 1.2482074797153473
-1.888082891702652, -0.404391136020422
-3.907784029841423, -3.0401313304901123
-1.4410229176282883, -2.9823686629533768
0.35942086577415466, 1.3516435623168945
-2.349083185195923, -0.48333069682121277
-1.5013284087181091, -1.4184513688087463
-0.7098497152328491, 1.5620017126202583
-1.9074854403734207, 0.4133146107196808
-2.079457987099886, 0.07662665843963623
-1.9162271320819855, -2.6411413848400116
-0.16591159068048, 1.08358168695122
-1.594018816947937, -0.8668385706841946
-1.3881413713097572, 0.20355596765875816
-1.750271249562502, -0.5435067117214203
-1.3660021275281906, -1.7109295055270195
0.12070309370756149, 0.305942177772522
-1.0072273761034012, 0.26445113867521286
-1.8201843947172165, -0.7126759216189384
-2.4143925309181213, -0.09518074989318848
-0.7346038967370987, 0.18915726244449615
-3.555786117911339, 2.4547329545021057
-1.4583979323506355, 2.575945630669594
-0.9964257031679153, 0.26778480503708124
-0.16939669847488403, 1.235541433095932
-1.4923483654856682, 1.0185532178729773
-3.087448611855507, 2.8328745365142822
-2.5613759607076645, 2.357538938522339
-0.4343202644959092, 0.7656385898590088
-4.260063201189041, 1.9271234385669231
-1.6555324047803879, 4.007813096046448
-0.02661852538585663, 1.188134640455246
-2.061477885581553, 0.8630854785442352
-2.182670319452882, 4.081158399581909
-1.9381340444087982, 0.4802536070346832
3.9743666648864746, 2.560862258076668
-3.5056490898132324, 0.8309146165847778
1.5406404435634613, 3.3308992087841034
-0.7571877539157867, -1.8382225334644318
-3.4293993934988976, 0.058581024408340454
-4.365213967859745, 0.5832262225449085
-0.49516957998275757, 0.8110285848379135
-3.75428169965744, 1.4476366266608238
-2.7581899892538786, 1.4972626715898514
-1.2687313011847436, 0.9880690574645996
-3.5540062189102173, 1.5695907175540924
-1.6092608273029327, 0.2703281342983246
-0.44203223288059235, 0.5826044976711273
-0.7063270173966885, 1.3505194634199142
-0.4301028549671173, 0.45685383677482605
-0.9972247928380966, 1.1873971819877625
-0.6709385365247726, -1.209393311291933
0.40795883536338806, -0.29178133606910706
-3.0093202143907547, -0.7069015502929688
0.7236827872693539, 1.4566321671009064
-3.0579178631305695, 0.9664579480886459
-3.6100353449583054, 0.8919930905103683
-1.7991709001362324, 1.1307912915945053
-1.2248004376888275, 2.6069999635219574
-2.8227339573204517, 1.9340672194957733
-0.7450298890471458, 3.183989659883082
-0.8985831402242184, -0.9232687801122665
-1.4794333726167679, 1.1120575927197933
-2.173893518745899, 1.2186126410961151
-0.8739910274744034, 1.893477201461792
-3.324695970863104, -0.940198540687561
-3.314220391213894, 1.4078918397426605
-2.73963126540184, 0.8358550891280174
-1.6424938514828682, 0.3268737941980362
-0.39776697754859924, 1.8044623658061028
-3.005029797554016, 2.5348049700260162
-3.9348866939544678, 1.5984242409467697
-1.5460565388202667, 0.6299386024475098
-3.384432252496481, 3.0749509036540985
-2.9293719232082367, 1.3318050056695938
-1.5950111150741577, 3.10485178232193
-0.6649382710456848, 0.8524099662899971
-2.023241549730301, 0.5986291468143463
-1.236632987856865, 0.7528615444898605
-0.2515233904123306, 2.332369089126587
-0.9290128499269485, 6.389687091112137
-2.078667163848877, 1.0802134275436401
-2.3548587262630463, 1.704626351594925
-2.5085431933403015, 0.462801456451416
-1.0219413042068481, -1.899382971227169
-2.5351896435022354, -0.5602625757455826
-2.403699517250061, 0.19215550273656845
0.40285149216651917, 0.24643414467573166
0.6778495274484158, 4.196259379386902
-1.279716894030571, 0.6808083057403564
-1.530515193939209, 1.6716464832425117
-1.1523855477571487, 1.1043998003005981
-2.1954385563731194, 0.6835027672350407
-1.5072950422763824, -1.8029610961675644
1.2722894288599491, 3.516867071390152
-1.9009513854980469, -2.468322515487671
-2.8007137402892113, 2.3483380619436502
-0.7635980546474457, 1.5667943507432938
-0.8620981946587563, 1.5379479825496674
-2.585364416241646, 2.438299685716629
-3.053096078336239, 1.0301024615764618
-2.173056546598673, 0.6069687902927399
1.2601110935211182, -0.41273340582847595
-2.4517479240894318, 0.40628284215927124
-0.04804378002882004, -1.2315130978822708
-1.7404504846781492, 1.4590481221675873
0.22429221868515015, 1.2009316384792328
-3.4956979788839817, 0.09023851156234741
0.8899485766887665, -0.5796253681182861
-1.0499718338251114, 1.295249342918396
-2.0373670160770416, -1.320684552192688
-1.438025638461113, 3.734649896621704
-0.6382050961256027, -0.15258216485381126
-2.481493055820465, 2.025375321507454
-0.10707319155335426, 1.8885463327169418
1.2340492196381092, 0.5814518928527832
-2.3167130649089813, 1.247900515794754
-4.923485457897186, 3.159706838428974
-4.51699897646904, -0.008402124978601933
-0.728264607489109, -0.13174403086304665
-2.6715191453695297, 2.014619842171669
-1.009797990322113, 2.4239103868603706
-0.08469422161579132, -2.838642179965973
-0.006235986948013306, -0.26922211050987244
-0.4354224056005478, 0.8421554565429688
0.24451688304543495, -0.23530086874961853
-0.6019102185964584, 2.600500389933586
-1.8807986183091998, -0.8487210869789124
-3.100738499313593, 1.1305129677057266
-2.4065651297569275, -0.3196466565132141
-1.3411448895931244, 1.906627245247364
-1.031796246767044, 0.9403796717524529
-1.9496585130691528, -0.4591993913054466
0.5583999026566744, -2.390094980597496
-2.7814252078533173, -1.1499236524105072
-2.917446345090866, 2.344575084745884
-1.3278164453804493, 0.38943320512771606
-1.9738657288253307, 0.6297933608293533
-2.7925529032945633, 2.90233164280653
0.4683818519115448, 1.7415700517594814
-3.2776686251163483, -0.3678460717201233
-0.15519310534000397, 2.057600647211075
-1.8918209969997406, 1.7981906197965145
-0.6489719823002815, 1.667267069220543
-2.070822387933731, 1.2171346545219421
-2.0784438010305166, -0.03801799565553665
0.39561033248901367, 0.905557170510292
-0.17396032810211182, 0.33833128213882446
-0.49388934625312686, 1.8086629062891006
-2.9581829980015755, -0.9486176371574402
-1.1590660447254777, 0.258797537535429
-0.7765726633369923, 0.36229242384433746
-1.5326667204499245, 2.5596091747283936
-3.4480199003592134, -0.5326355923898518
-1.0552040040493011, 0.6841602474451065
-0.7571545839309692, 0.17533321678638458
-1.9285210818052292, 0.958441723138094
-1.255188673734665, -1.0232146047055721
-0.9039131384342909, 0.21054235100746155
-0.8777374606579542, 3.5893697068095207
-1.2347910553216934, -1.626215761527419
-2.3521792888641357, 0.04355823993682861
-0.2607259452342987, 0.12954261898994446
-0.7190138846635818, 0.1812748908996582
-0.13988685607910156, -0.058503374457359314
-0.5916366185992956, -0.18972352892160416
-0.45151741802692413, 0.147309809923172
0.581106387078762, -3.6695677042007446
0.7792806588113308, 3.547724775969982
-0.7488897293806076, 0.1749853789806366
-3.6684239991009235, -1.1111048450693488
-2.8019515573978424, 1.373095989227295
-1.9982150048017502, 2.5300487875938416
0.4836330199614167, 1.6178499162197113
-1.626249998807907, 0.04458135366439819
-1.014105568639934, 1.126728169620037
0.4203592389822006, 0.685616210103035
-5.237379930913448, 0.8111493587493896
0.6473594009876251, 0.04858174920082092
1.0569340884685516, 1.5584657192230225
-2.3010625541210175, 1.1833247691392899
-0.6289757490158081, 0.656895074993372
-1.9021401852369308, 1.127195417881012
-2.327979177236557, -2.010737657546997
0.03719253093004227, -1.343981347978115
-1.997160717844963, -1.559548258781433
-1.9949620962142944, -0.5917389094829559
1.472250521183014, 0.022234678268432617
-1.2914583587553352, 1.1763221323490143
-3.0655588507652283, 0.179468035697937
1.1341180056333542, 0.37540897727012634
-1.7749098353087902, -0.5691706240177155
-0.6575189530849457, -0.011956684291362762
1.0043300166726112, 0.6295209676027298
-0.8423076868057251, 0.9274896495044231
-1.2050356417894363, -0.22756850719451904
-2.680186152458191, -0.7801957726478577
-3.4923880249261856, 1.0792633593082428
-1.5038903057575226, -0.5094405114650726
-0.5205357242375612, -2.079990416765213
-1.813386708498001, -0.4719529449939728
-3.0439581274986267, 2.642289012670517
-1.8623859286308289, -2.068760558962822
0.07869322597980499, 0.36870918422937393
-1.4258584901690483, -0.1327321082353592
-1.2256155908107758, 0.24002350121736526
-3.8426953703165054, 2.560833290219307
-1.0425417125225067, -0.3024219051003456
-1.5424511656165123, 1.811908783391118
-1.115489661693573, 2.0390939712524414
-0.205562561750412, 1.1120756566524506
-0.8530645072460175, 0.5756915807723999
-1.9762218184769154, -1.4376017451286316
-1.046484261751175, -1.3653968656435609
-4.596229940652847, 2.007968030869961
-2.5824903436005116, 1.8136124014854431
-1.9507888182997704, -0.5145076587796211
-3.8858738988637924, 4.794170554727316
-2.7370414435863495, 3.2873966693878174
-0.6208034008741379, -2.0372552573680878
-1.0923175662755966, 2.4804164469242096
-2.8616097569465637, 1.7161420807242393
-0.2706313878297806, 4.698637098073959
-1.219195082783699, 4.707080662250519
-0.6331839561462402, -3.063996523618698
-2.248529128730297, -0.2097128196619451
-2.5942988097667694, -0.6693752259016037
-2.762795150279999, 0.8221191614866257
-1.6141749024391174, 2.152586169540882
0.1845444105565548, 0.6380901336669922
-0.860144779086113, 3.2594493627548218
-0.5916366185992956, -0.18972352892160416
-3.6081447303295135, -1.004237711429596
1.6335339695215225, 1.6186432987451553
-1.9383609890937805, 2.5577328205108643
-0.5918529480695724, 2.1293734312057495
1.7655489966273308, -1.1003758907318115
-0.8898066654801369, 2.2677462697029114
-0.9332701005041599, 1.0941141918301582
-0.4403974786400795, -0.018847395665943623
-2.39018315076828, 4.7054203748703
-0.43270210921764374, 1.415442906320095
-0.7352892011404037, -1.5274871215224266
-4.787776961922646, 0.65841094404459
0.7807246446609497, 0.6711983680725098
-1.140593871474266, 0.6928055584430695
0.06381210684776306, 1.377457171678543
-0.24261407554149628, 4.37081378698349
0.4058685004711151, 5.048539578914642
-2.0757520273327827, -0.04294180870056152
-0.056010305881500244, -1.0014470890164375
-1.5361070707440376, -0.9330760925076902
-0.8360764384269714, -0.045923858880996704
-2.5567521899938583, 0.014956881292164326
-1.24092997610569, -0.36668533086776733
-2.1846159994602203, 3.434215545654297
1.9177596271038055, 0.1848965436220169
-2.111975446343422, 9.109452366828918E-4
-0.4671809449791908, 3.0149757266044617
-0.21877632662653923, 0.6986101865768433
-1.9460899643599987, -0.9899158389307559
-1.886089712381363, 3.0206722021102905
-0.5468779653310776, 0.5771617293357849
-0.7001522183418274, -1.538411058485508
-2.2800028771162033, -0.6134912222623825
-1.16502346098423, 0.1413235366344452
-3.6483741998672485, 1.2263460084795952
1.016482800245285, 0.047771334648132324
-2.0763446940109134, 1.6435271799564362
-2.9827881157398224, 1.4794999957084656
-0.20256907492876053, 1.126223936676979
-1.3785028755664825, 2.532626062631607
1.120936580002308, 0.5683334469795227
-1.9374158140271902, 0.6417186260223389
0.26665228605270386, 2.6926231160759926
-3.0979226902127266, -0.5620646644383669
-2.805417690426111, 1.2662557363510132
1.6290582120418549, 1.5167083740234375
-2.2229818999767303, -0.42076317593455315
-2.6611840948462486, 0.158941388130188
-1.557842656970024, 0.17005961388349533
0.7898315489292145, 3.505045711994171
2.9309367537498474, 4.593723505735397
-1.305509775876999, 2.5077094603329897
-0.016001228243112564, -0.1595350131392479
-2.515143483877182, -2.331721544265747
-2.297396982088685, -0.3023536801338196
-2.4522776529192924, 0.9908893406391144
-3.92406065762043, -0.8963290154933929
-1.7658539172261953, 2.3486694991588593
-0.6596048139035702, 0.6694303452968597
-0.28048835694789886, -0.05719105899333954
0.014683961868286133, 3.3947705887258053
-3.801082342863083, 1.1498323678970337
-0.13479575514793396, -3.0804206877946854
-1.2827883623540401, 1.7314489483833313
0.9957709610462189, 2.3884095549583435
-1.2196381390094757, 1.958389550447464
-2.5209135711193085, -0.24944758415222168
-1.9035407602787018, -1.6375924721360207
-5.45215567946434, 1.6415307372808456
-1.4825849384069443, 4.160892128944397
-3.042673483490944, 2.038715958595276
-2.8502599000930786, 0.5191822648048401
-1.8264608955942094, 1.8512969315052032
-1.9284878075122833, 1.1943460553884506
-3.7525749802589417, 2.6639671623706818
-2.2036263048648834, 3.130437672138214
1.4061369150877, 2.5260946955531836
-0.21216115355491638, -0.8577403724193573
1.8838695287704468, 1.4630184471607208
-0.028592973947525024, 0.25310877710580826
1.3264722004532814, -0.15763816237449646
-2.849880278110504, 2.2567941397428513
-0.5387540459632874, 1.9750949144363403
-2.8006731420755386, 0.9659159332513809
-2.800661325454712, 0.02162734791636467
0.22254190780222416, -1.0058331862092018
-0.9797092638909817, -4.083180293440819
1.2341089695692062, 0.1866207141429186
-0.6474362313747406, -0.5587588772177696
1.5067546516656876, -1.3262897282838821
-1.9021221855655313, -0.7108802124857903
-1.7404950708150864, -0.8816311359405518
-2.6862363815307617, -2.367334008216858
0.8256260901689529, 0.3132206201553345
-0.06240576505661011, 2.029805839061737
0.2350303828716278, -0.6867110505700111
-1.376947969198227, 3.3774988390505314
-1.5006084134802222, 0.937726654112339
-0.16664189100265503, -2.1279538422822952
1.2249244339764118, -0.533496543765068
-3.5845489352941513, 0.750137560069561
-1.3309529423713684, -2.7980958819389343
0.25183645635843277, 3.54303339892067
1.3606330454349518, -0.08159026503562927
-0.5306293368339539, 0.8148570954799652
-4.667351074516773, -1.3522638492286205
-1.208719750866294, 0.9986421465873718
1.932390546426177, 6.189704418182373
2.259568899869919, 4.497361183166504
-0.7930872105062008, 0.41946732997894287
-2.873243123292923, 2.3540003523230553
-2.394659638404846, 1.2957699447870255
-3.1593517661094666, 3.0145612514024833
-1.3377898037433624, 1.0766202732920647
1.1491459757089615, 0.5900527834892273
0.029205217957496643, 0.7296108049340546
-0.7324758395552635, 1.922733448445797
-0.1876059928908944, 0.1697782352566719
-0.6044867634773254, 0.039526812732219696
1.371216557919979, 0.5171709358692169
-1.683818757534027, 0.7648798525333405
1.9139619879424572, 1.9090506732463837
-3.4574612602591515, 2.289485417306423
-1.6313523643184453, 0.017859697341918945
-0.2750627398490906, 1.1275008469820023
1.4807074889540672, -3.6355957090854645
-1.4410219490528107, 0.20327796414494514
-4.094439804553986, -1.709157194942236
-0.5391975939273834, 0.34167423844337463
-0.2095684465020895, 1.9951610714197159
-0.6434010565280914, 1.8966547176241875
1.4040228724479675, 0.27438441663980484
-1.1530141234397888, 5.428427770733833
-3.5998236685991287, 3.4773910343647003
-0.974543621763587, 1.6041298657655716
0.33995476365089417, -2.033183753490448
-1.7305579781532288, 1.3308592587709427
-2.0000064820051193, 1.218159481883049
-0.5501509010791779, -1.3635739982128143
-2.0605885460972786, -1.0526573359966278
-2.973047912120819, 0.8481621146202087
-3.6151823475956917, 1.3559011779725552
0.44989652931690216, 3.375494921579957
-1.9487477540969849, 0.691792756319046
0.06303881853818893, 0.6020466685295105
-0.37207159399986267, 1.6379579920321703
-1.9167580306529999, 1.6838938891887665
1.5700488314032555, 2.6863834895193577
-0.5140237808227539, 1.151573121547699
-0.49918517004698515, 0.6713683307170868
-1.3815327435731888, 0.08090448379516602
-0.6434736400842667, -1.45790034532547
-3.2427536249160767, 0.47402340173721313
-1.990814447402954, 2.527890294790268
-1.666476547718048, 0.43845605850219727
-2.1278880685567856, 0.47959786653518677
1.918824926018715, 3.441034972667694
-1.6227109283208847, 0.23463168740272522
-0.9312117993831635, 2.310591220855713
2.3623710945248604, -0.23069733381271362
-1.0527895987033844, 0.7113707661628723
3.5704014748334885, -1.0960319638252258
-2.90491995587945, 1.3969194814562798
-4.56275998800993, 3.3684245496988297
-1.7677599117159843, 3.1182292997837067
-2.7396296858787537, 1.0872821807861328
-2.8165636360645294, 1.7439053058624268
1.736875668168068, 3.421586811542511
-4.330450594425201, 3.5485759377479553
1.4835788775235415, 3.4796879589557648
0.22329497337341309, 0.5510919168591499
-3.8928919434547424, 3.222030360251665
-3.795091822743416, 0.4746708571910858
-0.36220473051071167, 0.5201876759529114
1.3549648597836494, 2.184980072081089
0.2421104907989502, 1.7087917029857635
-2.730093739926815, 1.7368526458740234
-2.4856002926826477, -1.1033924482762814
-2.9181649275124073, -2.2196925580501556
-0.4288632273674011, 0.9922209233045578
-1.3874521851539612, -0.31705206632614136
-3.2875384092330933, -1.5013211518526077
-1.530946803279221, 0.6055589020252228
-1.2567985951900482, -0.5472055822610855
-1.9806364551186562, 0.31320200860500336
-0.33654268831014633, -1.0819053947925568
-3.745292156934738, 2.199762314558029
3.016467720270157, -1.186758279800415
-0.09501001238822937, 1.3084322176873684
0.7361235916614532, -0.15626153349876404
-3.832116276025772, -0.1895170770585537
-3.912662028335035, 3.082048088312149
0.6783768236637115, 3.058416109532118
-2.38118414580822, 0.8371246829628944
-1.6622858941555023, -6.118426144123077
-3.325376644730568, 3.408270478248596
-1.750428793951869, 2.5634235814213753
1.071239858865738, -0.4495733380317688
-0.7222200036048889, 0.931093767285347
1.443236768245697, 2.0412707477808
-0.037370145320892334, 0.5133770331740379
-4.117210179567337, 0.9990734308958054
-2.9831148236989975, 1.5136955175548792
-0.689233124256134, 2.43122535943985
-2.417298972606659, 2.2346682101488113
-2.658024165779352, -0.24533140659332275
-0.6807577386498451, -3.0466831773519516
-2.7254298627376556, 5.108112871646881
-1.8847293108701706, 1.474513940513134
-3.3367183804512024, 4.2350932359695435
-2.2330727726221085, 1.2613273859024048
-1.039609670639038, 1.3660084456205368
-0.8752698302268982, -0.35072868317365646
-0.43467722088098526, 1.6643516719341278
-2.786575436592102, 0.6246680319309235
-2.6980126947164536, 2.042542412877083
1.1923631206154823, 3.6350223049521446
-2.2313755601644516, 2.2561264634132385
-4.097187519073486, -1.303124576807022
-0.17749550938606262, -2.3854960501194
-1.993151307106018, 1.6221696105785668
-1.898699313402176, 1.286092847585678
-2.534259609878063, 3.731846123933792
-2.369530074298382, 3.060758374631405
-2.176690569613129, 0.6197899281978607
-1.9470409508794546, 0.4665181636810303
-3.0086373798549175, 0.5854292809963226
-0.9884201711975038, 0.02389824390411377
-1.9083709716796875, 0.8569722473621368
-0.8525513056665659, 0.854702390730381
1.1238323897123337, 1.2260765433311462
-0.24416880309581757, 1.0493081957101822
-1.0945324301719666, -1.420825071632862
-4.344766467809677, 4.720219224691391
1.7221493124961853, -0.022220224142074585
-2.389279305934906, 0.24638691544532776
-2.9524117708206177, 2.387618660926819
-1.2158724814653397, -0.7071882709860802
-0.963848315179348, -1.120381474494934
0.5120409727096558, 1.4698365479707718
-6.125532239675522, 1.2699266150593758
0.3496105223894119, 1.8142971992492676
1.5286829471588135, 2.0199730843305588
-0.6072830790653825, 2.927117705345154
-2.308693215250969, -0.8698496520519257
-2.1675945818424225, -0.21218127012252808
-1.5410745739936829, 1.3100365214049816
-2.6404023468494415, 1.39444899559021
-1.7307186648249626, -0.2051059603691101
-3.776146188378334, 0.9731330573558807
-1.7877516224980354, 2.0747386813163757
-4.076910380274057, 0.44003985077142715
0.5414983332157135, 0.13642030954360962
-0.6011889800429344, 0.6485856473445892
-2.199849784374237, 2.9566085189580917
-2.2822632268071175, 0.004756199195981026
-1.6466306746006012, 6.512864351272583
-4.561400473117828, 3.5912805953994393
-0.6578696854412556, 0.1897098422050476
0.05311235785484314, -0.35220930725336075
-1.6629693061113358, 0.7731453850865364
2.437040686607361, -0.27994710206985474
-1.021431565284729, 0.7220348715782166
1.0672334283590317, -0.07756906747817993
-1.3400879129767418, 1.2260969951748848
-1.162415660917759, 0.4546542167663574
-2.0088864862918854, -0.27366264164447784
0.20555127412080765, 0.9640799686312675
-2.647353582084179, -0.1715749315917492
-7.41906863451004, 3.6303776502609253
-2.8907337561249733, 1.8849645853042603
-2.0417501591145992, 0.1211511492729187
0.11559125781059265, -0.10989359766244888
-0.36571255326271057, 0.3083919361233711
-3.664812311530113, 2.3436568081378937
-3.1113891508430243, -2.360582336783409
1.5427517592906952, -2.198135584592819
-3.1345630288124084, 2.013766825199127
-2.07173427939415, 3.668760120868683
-4.14378547668457, 1.7074664533138275
1.8142845630645752, 1.8517322540283203
0.6611921638250351, -1.2885055541992188
-0.26485151052474976, 1.4395747780799866
2.467199593782425, 0.07396197319030762
0.35949420370161533, -0.34893784672021866
0.9463760852813721, 0.18631905317306519
1.324943758547306, 0.6919066635891795
-3.4542987942695618, -0.9915159977972507
-2.7678506672382355, 0.24165860936045647
-0.6560033448040485, -0.709179162979126
-1.4424362778663635, -0.05961805582046509
-2.5848426669836044, 0.23171501513570547
-1.4092204067856073, 3.1398289799690247
-2.1793960630893707, 1.6760434657335281
-2.8941931053996086, 1.1638373658061028
-1.39786696434021, 1.7056387066841125
-3.976434573531151, 3.1346725672483444
-0.5549032017588615, -0.7161650881171227
-2.1590403616428375, 2.4171273708343506
-2.213659405708313, 0.20447418093681335
-2.587130591273308, 0.08780962694436312
-5.4141586124897, -1.1290761828422546
-0.6651038825511932, -0.5393509119749069
-3.031911274418235, -0.2963614910840988
-3.482659101486206, 1.0408682972192764
-2.06898295879364, -1.0876250267028809
-3.649032175540924, -0.22002235054969788
-1.67073954641819, 0.9146158993244171
-0.8031604439020157, 1.469607949256897
1.8188961893320084, 1.1106571778655052
-1.1083028763532639, 2.257423311471939
-4.291239887475967, 4.870005130767822
-3.1627025604248047, 3.034916862845421
-1.0855173468589783, 3.373572736978531
-1.0165692120790482, 1.8666835129261017
0.7717493530362844, 4.105912237428129
-2.7784217447042465, 2.4328207224607468
-2.200655847787857, 1.7235636170953512
-4.054043710231781, 1.3361763209104538
-4.402864590287209, 4.2880852818489075
-3.1154754012823105, -2.132820636034012
2.049422860145569, -1.1879329346120358
-0.24374324083328247, 0.6534625887870789
-1.687253177165985, 2.493059277534485
-0.2180223912000656, 0.9949422627687454
-0.5691732168197632, 0.6678566038608551
1.1354763694107533, 1.9914023274905048
-2.0663337730802596, -3.303733080625534
-1.7311639785766602, 1.2526009324938059
-5.349594831466675, -0.09852653741836548
-2.141444928944111, -0.8605461269617081
0.4178704172372818, 0.5535487532615662
-1.1323630511760712, -1.4525782391428947
-1.8680437058210373, 1.2569094747304916
-1.2457482255995274, 0.945474311709404
-3.0939008221030235, -0.5929843336343765
-2.9699671417474747, 1.0934734344482422
-1.3305450156331062, -0.7031558007001877
-0.9979088250547647, -0.5273668989539146
-1.810651183128357, 1.1237003207206726
-0.8668425679206848, -0.7209067279472947
-1.9323951080441475, -0.03446592390537262
-3.616876170039177, -3.6478665322065353
0.9783391952514648, 0.6557238847017288
-3.397031683474779, -1.3069056868553162
-2.2275243401527405, 0.7262500524520874
-0.06793619692325592, -0.355207622051239
-2.846639573574066, 0.3545144721865654
-1.1757648587226868, 0.4649827778339386
1.1944079659879208, 2.0839769393205643
-0.12003947794437408, 1.3598656207323074
-1.3480531126260757, 2.145372658967972
-0.9442581553012133, 0.3588005602359772
-0.10130965430289507, 1.2925482988357544
-1.1813110262155533, 1.3527556657791138
-0.29300639033317566, 0.728955939412117
-2.6315188482403755, -0.5341801792383194
-2.56004748493433, 0.39534948766231537
0.30155301094055176, -0.08751390874385834
1.1456237435340881, 3.5174850523471832
-0.6699129715561867, -0.4601860046386719
-1.4598624259233475, 0.6881335973739624
-1.7394588142633438, 1.7904367744922638
-1.6973363012075424, 0.5502910539507866
-2.1894207298755646, -0.43209581077098846
-1.598938763141632, 2.5852498710155487
-2.2044571340084076, -0.18403176963329315
-3.3360174000263214, 0.9248354248702526
-2.5591167211532593, -0.5356435477733612
-0.7579794302582741, -0.6657538115978241
1.7123802602291107, 0.7313406765460968
-0.7978575825691223, 1.0334964245557785
-2.2267006933689117, 2.2481305301189423
-2.44899532943964, 2.111563801765442
-1.8836613893508911, 0.2079169601202011
2.412431061267853, -2.835672050714493
-1.8428254127502441, 0.36200933158397675
-1.6917525120079517, 0.8994142636656761
0.9566555432975292, -2.4278843700885773
2.5527905225753784, 1.7707340717315674
-2.0500184893608093, -1.6010367423295975
-0.9547577425837517, 2.2855615615844727
-5.024775251746178, -0.17814165353775024
0.610869973897934, -1.3982665240764618
-1.6124619022011757, 1.0548626482486725
0.2528972625732422, -3.2699717730283737
0.031736922450363636, 1.8055223524570465
-2.5177119076251984, 1.936195969581604
-5.330748349428177, 3.522527277469635
-0.08700358495116234, 0.24171198531985283
-4.3186898827552795, 1.779435247182846
-0.12100964784622192, 2.776005506515503
-1.3630464896559715, -0.24490012507885695
-3.6910925693809986, 0.4486433267593384
-0.7883539274334908, 0.39185571670532227
-0.9745665788650513, -1.3715293630957603
-0.44594743102788925, 2.344669058918953
-0.8650857955217361, -1.0254156216979027
0.757055789232254, -1.2155439406633377
-1.8517667055130005, 3.3249448724091053
1.8131950944662094, -1.749829463660717
-3.073577120900154, -0.32443444058299065
0.9476263374090195, 3.2928451895713806
-1.5216978676617146, 1.1314432471990585
-1.0925975069403648, 0.2632280960679054
-4.977879764512181, -0.5631314516067505
-0.6936232428997755, -0.607111819088459
-1.7208565697073936, 1.906434427946806
-0.7598225697875023, -0.9060171693563461
-0.30392903834581375, -0.3624068945646286
-0.6805468834936619, -0.10709862736985087
-0.15196451917290688, -0.1812034472823143
-0.45589354634284973, -0.5436102971434593
0.5572353154420853, 4.026562571525574
-4.669191479682922, -0.5842354446649551
-1.1015448942780495, -1.1214019060134888
0.056214988231658936, -0.6347364000976086
-6.208674639463425, -0.7199562788009644
-1.3053415417671204, 4.111438527703285
-1.3423127066344023, -0.9411024414002895
-0.5613307543098927, 0.5672335028648376
-1.4695371091365814, 2.5189834535121918
-0.48414067551493645, 0.6717780367471278
-0.7798752635717392, 1.7572842836380005
-1.6589016616344452, 0.511086493730545
-1.8594921715557575, 1.2415806353092194
-0.12902937084436417, -0.9380708336830139
-0.48414067551493645, 0.6717780367471278
-3.155975341796875, 1.0832447558641434
0.03999495506286621, -2.0097660538740456
0.6808665841817856, -0.7443265141919255
-0.48414067551493645, 0.6717780367471278
-0.5565228164196014, 0.07944895327091217
-2.0399794541299343, 0.8239584863185883
-0.10792561620473862, 0.18321646749973297
-1.6162573099136353, -0.02030189335346222
-0.5613307543098927, 0.5672335028648376
-0.5372565388679504, -3.3404317498207092
1.6273663267493248, -2.8079899549484253
-1.8068639114499092, -0.06393804401159286
0.4030058681964874, 0.5831413501873612
-0.48414067551493645, 0.6717780367471278
-0.48414067551493645, 0.6717780367471278
-0.48414067551493645, 0.6717780367471278
0.4973133625462651, -0.6092606475576758
-1.2478817403316498, 1.2348535284399986
-0.9333687834441662, 0.6837216019630432
-1.4799428433179855, -0.10170646011829376
-0.345469718798995, 0.8840373754501343
-0.48414067551493645, 0.6717780367471278
-0.48414067551493645, 0.6717780367471278
-1.0966781675815582, -0.03326218202710152
-0.8970208019018173, 1.9622207954525948
-0.48414067551493645, 0.6717780367471278
0.042402759194374084, -0.10302083194255829
0.12405352294445038, -0.24516526972001884
1.4213224202394485, 2.3437641002237797
-1.4154203832149506, 1.2110032588243484
0.055615827441215515, 0.6571608036756516
-0.48414067551493645, 0.6717780367471278
-0.5613307543098927, 0.5672335028648376
-0.8007009886205196, 0.2586800903081894
-0.2975213974714279, 0.31404417753219604
-0.9406819008290768, 0.6407506340474356
-0.48414067551493645, 0.6717780367471278
-0.6900096833705902, 0.6603301092982292
-0.48414067551493645, 0.6717780367471278
-0.5728468894958496, -0.9810170084238052
-2.9340485855937004, 4.313124276697636
-2.2099722921848297, 0.43206797540187836
-1.4836445748806, 1.3063643872737885
-0.48414067551493645, 0.6717780367471278
-0.5575228743255138, 0.5855120345950127
-3.38588809967041, 0.5731645226478577
-0.5893825441598892, 1.1367430686950684
0.2671377658843994, 1.1007968485355377
-1.7595811560750008, 1.3694577664136887
-1.2763035595417023, 0.012013353407382965
-1.1773313507437706, 0.44792697578668594
-0.26373475790023804, -0.8877174556255341
-0.5308975018560886, -0.9868821874260902
-0.3847025786526501, -0.4636634113267064
-1.0608435571193695, -1.488617718219757
-1.7921444922685623, -2.1157731879502535
-0.47106309048831463, -0.8122974634170532
-1.8610552325844765, -2.362056739628315
-0.8593734204769135, 0.534841850399971
-1.9411493297666311, -1.347774475812912
-1.1322742206975818, -1.6512949988245964
-1.5246474631130695, -3.0440259650349617
-1.3614209294319153, 0.6295684054493904
-1.5885097980499268, 1.7717885971069336
-4.705451488494873, -0.7625797390937805
-1.4114101976156235, 2.3489896804094315
-1.3150655888020992, 2.7605074048042297
-3.9161444790661335, -1.4349149614572525
-2.1309554427862167, 1.0183272957801819
0.05868278443813324, 2.863485410809517
-3.937471628189087, 2.4855582639575005
-2.354019023478031, 0.8940661773085594
-0.40610895305871964, 0.5045167803764343
-1.4990006610751152, 1.56874281167984
-1.898478925228119, 1.2316559180617332
-2.631350666284561, 1.8712002336978912
-1.9970932304859161, 1.4302692264318466
-3.7526890337467194, 0.4731174409389496
-0.9211680870503187, -0.20695529505610466
-2.049529604613781, 1.3971658945083618
-1.7077344059944153, 3.480000764131546
1.8876597830094397, -0.6502060294151306
-4.287793695926666, -0.0013878196477890015
-0.3970205783843994, 3.408819794654846
0.9138979762792587, 1.3742553815245628
-0.6551698446273804, 0.7141631431877613
-1.6044496558606625, 0.011975683271884918
-1.1858000382781029, 0.8706499934196472
-0.6726358830928802, 2.4036774337291718
-0.33989327773451805, -0.22257348522543907
1.5253657782450318, 1.2542441934347153
0.31319356709718704, -1.2407692447304726
0.3644807040691376, -0.31681761145591736
0.20489685982465744, -0.14647585153579712
-5.977097123861313, -2.0838837027549744
-1.0807583034038544, -3.280424615368247
-1.574254333972931, -2.604726128280163
-3.8167483769357204, -2.621704265475273
-0.6256207227706909, 0.3011699914932251
0.24141281843185425, 0.9921495020389557
-1.2466073222458363, 0.7587813884019852
-0.6405638419091702, -0.1039627231657505
-1.9170962423086166, 0.924520269036293
0.5339356288313866, 2.8074072804884054
-1.698185920715332, -0.4913983643054962
0.059856534004211426, 1.4280068278312683
-1.6560831665992737, -1.7131110429763794
-0.4483828842639923, 1.5824251472949982
-1.11746621504426, 2.0921234786510468
0.10664951684884727, 2.419457584619522
-2.275911509990692, -0.5993092060089111
-0.5864476338028908, -1.764290988445282
-1.8199677467346191, 0.07408629357814789
-2.9737798646092415, 0.6720470190048218
-0.629696786403656, -2.934717148542404
-2.214694008231163, 0.2259787954390049
-0.44656145572662354, 0.4895995855331421
-3.0491190552711487, 1.4831608533859253
-2.214694008231163, 0.2259787954390049
-3.6395533680915833, -0.6787515133619308
-1.4764626994729042, 0.1506524793803692
-2.447976227849722, -0.03574898838996887
-1.4764626994729042, 0.1506524793803692
0.1817119289189577, 0.012075364589691162
-2.214694008231163, 0.2259787954390049
-2.9529253989458084, 0.3013049587607384
-3.418254166841507, 3.6175714284181595
-2.214694008231163, 0.2259787954390049
-1.4764626994729042, 0.1506524793803692
0.3268553912639618, 1.011490523815155
-2.7591300532221794, -1.1434792801737785
-1.9650006592273712, -0.5663872100412846
-1.465778410434723, -0.07018151879310608
0.43408965738490224, 1.6901495456695557
-1.030390154570341, 1.5473222732543945
0.08312217891216278, 1.0251061022281647
-0.7961635291576385, 1.273904837667942
-1.8791076689958572, 4.947331070899963
-1.659220166504383, 3.1053511276841164
-2.826482802629471, 2.0760645866394043
-4.328867554664612, -0.5876730903983116
-2.1038727164268494, 3.474722594022751
-1.1311719119548798, -0.007079232484102249
-1.103587344288826, 0.1126181073486805
-2.4868296086788177, 4.251218434423208
0.8846058398485184, 0.46259576082229614
0.915186196565628, -0.669359415769577
-0.5060454923659563, -0.08691824972629547
-1.0120909847319126, -0.17383649945259094
-1.9093553125858307, -1.0968969464302063
-0.4251304864883423, 0.4181894510984421
-0.3027091398835182, 0.919064998626709
-0.1949688158929348, 0.4393210709095001
-0.38808488845825195, -0.27938953042030334
-0.48686378449201584, 1.9054860305041075
-2.3170404229313135, 0.3204005425795913
-1.1776480972766876, 1.2357644438743591
-1.7086632698774338, 2.3692681193351746
-0.7798752635717392, 1.7572842836380005
-0.1949688158929348, 0.4393210709095001
-0.1949688158929348, 0.4393210709095001
0.6975350715219975, 1.2596721947193146
1.228440448641777, 0.5919807553291321
-2.023380075581372, -0.096636101603508
-0.7798752635717392, 1.7572842836380005
-0.7576937675476074, 2.700796067714691
-0.9810720384120941, 2.148465484380722
-3.3257617838680744, 0.8392009735107422
-0.4454561658203602, 0.20869423961266875
-3.221209079027176, 2.520189553499222
-2.3593446910381317, 2.1599940061569214
-0.4689430892467499, -0.040750205516815186
-1.3076120465993881, 1.1494593620300293
-1.223618283867836, 1.2825132608413696
-1.6857055723667145, 0.3329535014927387
-1.2511790245771408, -1.8368315994739532
-0.903041111305356, 0.24798941612243652
-0.5949739217758179, 0.026477761566638947
-5.296241223812103, -0.14030389487743378
-1.024690255522728, 0.6211625337600708
-2.6140599101781845, -1.861093282699585
-0.5967386066913605, 0.7512547075748444
-2.072330802679062, 0.225147046148777
-1.098943755030632, -0.11332668364048004
-3.3735364377498627, -1.7567173838615417
-1.0132684856653214, 0.03751988708972931
-0.4723951071500778, 0.10996042191982269
-1.2152761816978455, 0.41051486134529114
-1.282989390194416, 0.08075756952166557
-1.5280174314975739, -1.6233497560024261
-0.6022630482912064, -0.06941969692707062
-1.946913629770279, 0.6879247725009918
-0.833607017993927, -0.5460023880004883
-2.420007824897766, -1.1737576979212463
-1.2027785778045654, -0.7895943596959114
1.1129012182354927, -1.4691191464662552
0.16836082935333252, 0.476796168833971
0.5717217475175858, -0.46524226292967796
-0.9993337746709585, 1.045828603208065
-1.7232692912220955, -0.8763647079467773
1.510887898504734, 2.2951981723308563
-1.731322754174471, 0.967963695526123
-1.8289165422320366, -0.13694363832473755
-1.5671940445899963, 1.397612594650127
-0.6069001853466034, 0.13079427927732468
-1.05342298746109, 0.1264665424823761
-1.2000529617071152, 1.749821037054062
-0.7740329131484032, -0.6545851677656174
-1.2000529617071152, 1.749821037054062
-1.3258222192525864, 0.9391671232879162
-1.1412919601425529, -0.45670878887176514
-0.6844493672251701, -0.10868708114139736
-1.6565892696380615, -0.35724590718746185
-0.6844493672251701, -0.10868708114139736
-0.9739585854113102, 1.059415128082037
-2.04692105948925, -0.12395695224404335
-0.9416098892688751, -0.23269178718328476
-0.3794551230967045, 0.37830236554145813
-3.696027636528015, 4.947391673922539
-2.6771074272692204, -0.6085634678602219
0.10891269892454147, 0.3830649256706238
-1.015309527516365, 0.8955927044153214
-0.6844493672251701, -0.10868708114139736
-2.404016226530075, 1.1823631674051285
-0.6844493672251701, -0.10868708114139736
0.05677078291773796, -0.34885451197624207
-0.6844493672251701, -0.10868708114139736
-0.6844493672251701, -0.10868708114139736
-0.6844493672251701, -0.10868708114139736
-0.6844493672251701, -0.10868708114139736
-0.6844493672251701, -0.10868708114139736
-0.6844493672251701, -0.10868708114139736
-0.6844493672251701, -0.10868708114139736
-0.6844493672251701, -0.10868708114139736
-0.6844493672251701, -0.10868708114139736
-0.6844493672251701, -0.10868708114139736
-0.6844493672251701, -0.10868708114139736
-0.6844493672251701, -0.10868708114139736
-1.8883477747440338, -0.009798124432563782
-0.6844493672251701, -0.10868708114139736
-0.6844493672251701, -0.10868708114139736
-0.6844493672251701, -0.10868708114139736
-0.6844493672251701, -0.10868708114139736
-1.1770797669887543, 1.8671190924942493
-0.6844493672251701, -0.10868708114139736
-0.6844493672251701, -0.10868708114139736
-0.6844493672251701, -0.10868708114139736
-0.6844493672251701, -0.10868708114139736
-0.6844493672251701, -0.10868708114139736
-0.6844493672251701, -0.10868708114139736
-0.6844493672251701, -0.10868708114139736
-0.6844493672251701, -0.10868708114139736
-0.6844493672251701, -0.10868708114139736
-0.7057089656591415, 0.20673205703496933
0.8503744420595467, 0.5812449902296066
-1.106001503765583, 0.075891874730587
-4.5343949645757675, -3.884038805961609
-0.4640199542045593, 0.5446272492408752
-1.7818246632814407, 0.834776958450675
-0.010714083909988403, 0.4838053993880749
-0.010714083909988403, 0.4838053993880749
-0.5557135418057442, 0.29859358072280884
0.43587441742420197, 0.6594153791666031
-1.9631360284984112, -0.8990190178155899
-2.2755934596061707, 1.4937242716550827
-0.5601435606367886, -0.49373078159987926
-1.453229977749288, 1.6842158399522305
-1.4834498763084412, 0.24403833597898483
-1.3987636268138885, -0.32759104669094086
-4.56818562746048, 0.9447857439517975
-0.5352258421480656, 0.870570994913578
-1.2038525342941284, -0.7477107495069504
-0.3169301748275757, 1.1115251779556274
-2.7210011780261993, 0.7951224148273468
-1.056067168712616, 0.6374060809612274
-1.625404417514801, 0.5410885065793991
-0.6257893219590187, -1.219397634267807
-0.710969015955925, -1.3668930307030678
-0.02883671224117279, -0.24004174768924713
-3.4846947491168976, -5.179643899202347
-0.7736421078443527, 0.15420054644346237
-0.5586616396903992, -0.999563917517662
-0.20297221466898918, 0.22209970280528069
-0.932889811694622, 0.8799543082714081
-1.4750426039099693, 0.37182652950286865
-0.056029947474598885, -0.17056075111031532
-1.7471096366643906, -0.6394095569849014
-2.460361897945404, 2.7872918844223022
-0.9168114066123962, 0.5051617883145809
-0.7052126973867416, 0.10751024074852467
-2.0460642836987972, 0.6842552125453949
0.14642786979675293, 0.19931865023681894
-1.3975133672356606, 0.2868976593017578
-1.4990006610751152, 1.56874281167984
-0.9993337746709585, 1.045828603208065
-1.4990006610751152, 1.56874281167984
-1.4990006610751152, 1.56874281167984
-1.3886644691228867, 3.2746082693338394
-1.4990006610751152, 1.56874281167984
-1.4990006610751152, 1.56874281167984
-0.33465057611465454, 1.1851610094308853
-5.039284765720367, 4.3453249335289
-0.64324651658535, -0.2057134434580803
-1.998667549341917, 2.09165720641613
-1.1217496693134308, 1.086933195590973
-1.4990006610751152, 1.56874281167984
-0.9993337746709585, 1.045828603208065
-1.998667549341917, 2.09165720641613
0.6146893426775932, -0.8015698492527008
-0.5853267628699541, 0.03638124652206898
-0.8095047026872635, 0.20964011922478676
-0.8310715705156326, 0.5058542713522911
-1.7006542086601257, 1.0164148807525635
-1.4233392775058746, 0.7648069858551025
-0.46583779715001583, 0.09563253074884415
-0.9316755943000317, 0.1912650614976883
-0.5375740639865398, 0.15961606055498123
-0.7373343463987112, 0.05059460923075676
-0.886387974023819, -2.4073684066534042
-0.7373343463987112, 0.05059460923075676
-0.7373343463987112, 0.05059460923075676
-1.106001503765583, 0.075891874730587
-0.41023798286914825, 0.33918047696352005
-1.4024871475994587, -0.4959883391857147
-1.0815128162503242, 0.19122515618801117
-1.8947896361351013, -0.3260387424379587
-1.3615383058786392, -0.10914364457130432
-0.907692164182663, -0.0727623999118805
-1.1826994717121124, 0.49391013383865356
0.026085805147886276, 0.4983166977763176
-2.620664492249489, -0.9591142684221268
-1.0021281689405441, 0.42767348885536194
