-0.5370354056358337, 0.426863431930542
-1.2322360277175903, 0.20663517713546753
-0.23377293348312378, -0.6363020539283752
-0.723276674747467, 0.6505910754203796
-0.822555422782898, -0.14110079407691956
0.500785768032074, 1.4408193826675415
-0.07226310670375824, 0.4088604152202606
-0.5654086470603943, 0.5263110995292664
0.49233371019363403, 1.2613160610198975
0.03638987988233566, 0.8800877928733826
-0.7707412242889404, 0.5059780478477478
-0.13061293959617615, 0.3202715218067169
0.1427663266658783, 0.728391706943512
0.8437028527259827, 1.0061668157577515
-0.8423024415969849, 0.7726566195487976
-0.311038613319397, 1.3414901494979858
-0.07016531378030777, 0.5690190196037292
0.21681076288223267, 1.8315008878707886
0.39679425954818726, 0.15423065423965454
0.41082656383514404, 0.7294490337371826
-0.3096143305301666, -0.12019849568605423
-1.1987298727035522, 0.3925110995769501
0.1693921536207199, 1.1640655994415283
-0.3680028021335602, 0.717431902885437
-0.145555317401886, 1.382272720336914
0.21375548839569092, 0.2450440376996994
-1.0628858804702759, 0.9633052945137024
-0.9848862290382385, 0.3806796669960022
-1.0697152614593506, -0.3688613772392273
-0.24857205152511597, 1.7503236532211304
-0.8389953374862671, 0.18174044787883759
0.3937305808067322, 1.9801026582717896
-0.8498490452766418, 0.5594163537025452
-0.7264494895935059, -1.7192479372024536
-1.7510967254638672, 1.6355681419372559
-0.6110439896583557, 0.9647967219352722
0.40652912855148315, 0.9187727570533752
-1.7169628143310547, 0.23797854781150818
-0.10398991405963898, 1.0037083625793457
-0.7612079977989197, 1.4207780361175537
-0.32265567779541016, -1.0238350629806519
0.6646782755851746, 0.20131966471672058
-0.5926861763000488, 0.6312850117683411
-0.29424411058425903, 0.7253991961479187
0.17393358051776886, 1.2922550439834595
0.6559126973152161, 1.2468305826187134
-0.7087488174438477, 1.225851058959961
-0.06186451390385628, 1.6849257946014404
-0.553535521030426, 0.7193692326545715
-0.5141900181770325, 0.17266945540905
-0.6051251292228699, 1.1824414730072021
0.09607791155576706, 1.2052075862884521
0.42708253860473633, 1.0748404264450073
-0.5731962323188782, -0.05075107514858246
-0.19026091694831848, 0.21173544228076935
-0.13053762912750244, 0.6946488618850708
1.5819019079208374, 1.5402013063430786
-0.1537144035100937, 0.9989407658576965
0.4061279892921448, 0.5720085501670837
0.9760532379150391, 1.6845916509628296
0.665054440498352, 0.7081405520439148
-0.6102889180183411, 0.3287922739982605
-1.7147836685180664, 0.2690994143486023
-0.5645045042037964, 0.5757477283477783
0.20022492110729218, 1.1000608205795288
-1.3679215908050537, 0.12943968176841736
-0.5171911716461182, -0.5711656212806702
-0.29396459460258484, 0.3555036187171936
-1.27719247341156, 0.6302030682563782
-0.3387276232242584, 1.139729380607605
-1.0252035856246948, 0.6171931624412537
-0.6894844770431519, 0.8887601494789124
-1.2735217809677124, 0.41926467418670654
-1.3241735696792603, 0.25860247015953064
-0.6533689498901367, 0.6951492428779602
-0.7369350790977478, 0.14442890882492065
-1.0912021398544312, 0.19252529740333557
-1.9404709339141846, 0.10483267903327942
-1.0345096588134766, 0.1066712737083435
0.08294595032930374, 0.16124199330806732
0.3246755301952362, 0.7535614371299744
-1.1895816326141357, -0.14952261745929718
-0.21686318516731262, 0.2897947132587433
-0.2747372090816498, 0.9875040650367737
-0.5824351906776428, 0.03622818738222122
0.3234134912490845, 0.9827762842178345
-0.7287653684616089, 0.23537035286426544
-1.0423847436904907, 0.0327075757086277
-0.16022346913814545, 0.5251760482788086
-0.29259130358695984, -0.30114880204200745
-0.2425042986869812, 1.3267161846160889
0.34805822372436523, 0.4868876039981842
0.6129366159439087, 1.8742742538452148
-1.6884101629257202, -0.16379676759243011
-0.8521426320075989, 0.31169307231903076
-1.0427576303482056, 0.21153853833675385
-1.3740178346633911, 1.137398600578308
-0.7663502097129822, 0.676410973072052
-0.9581151604652405, 0.5466048121452332
0.19561153650283813, 1.1830501556396484
0.07829706370830536, -0.7736909985542297
0.34912049770355225, -0.06513707339763641
-0.11691313982009888, -1.1627781391143799
-0.1800304800271988, 0.049193430691957474
-0.23277388513088226, 0.12115347385406494
-0.5297771096229553, 1.0866878032684326
-0.22837314009666443, -0.01739371567964554
0.2400316745042801, 0.3609963357448578
0.14370159804821014, -0.22265571355819702
-1.8701530694961548, 0.19687266647815704
-0.7735937237739563, 0.7608698606491089
0.05282755196094513, -0.46475741267204285
0.6456398367881775, 0.8749398589134216
-0.7115426659584045, 1.127538800239563
0.399210661649704, 0.645119845867157
0.5215016007423401, 0.9354411959648132
-0.8923629522323608, 0.14437462389469147
-1.2106378078460693, 0.016789864748716354
0.9943971037864685, 1.157719612121582
-0.34522050619125366, -0.3385990560054779
-1.2873973846435547, -0.018391016870737076
0.6563206315040588, 0.15821172297000885
-0.43938741087913513, 0.37346503138542175
0.1104985699057579, 1.5252474546432495
-1.1979362964630127, 0.08342473953962326
-0.41393953561782837, 0.8696498274803162
-0.029325736686587334, 0.5938727855682373
-1.1767194271087646, 0.46580278873443604
-0.245981365442276, 0.31397560238838196
0.08786418288946152, -0.09279202669858932
-0.34951284527778625, 1.178612232208252
-0.6446312665939331, 0.7708640098571777
-0.7504305839538574, 0.7947506904602051
0.13037578761577606, 1.1313058137893677
-0.2952917516231537, 0.15950235724449158
-0.8624788522720337, 0.9791591763496399
0.5608908534049988, 1.3864657878875732
-0.9367448091506958, -0.8051897287368774
-1.6506139039993286, 0.9295763373374939
-0.7800209522247314, 0.3452509045600891
-0.43096035718917847, 0.25784653425216675
0.2423621416091919, 0.25317686796188354
-0.9780713319778442, 0.16114413738250732
-1.4440311193466187, 0.5676354765892029
-0.9753084182739258, -0.7549334764480591
-0.6812374591827393, 1.0390864610671997
-0.5184171795845032, 0.3232980966567993
-1.211180329322815, 0.05671720951795578
0.29647403955459595, 0.9970006942749023
-0.08405153453350067, 0.399315744638443
-0.3777768611907959, 0.4980035424232483
-0.6797041296958923, 1.4285695552825928
-0.5323005318641663, 0.3464556336402893
-0.29072216153144836, 1.0349745750427246
-1.574137568473816, 0.1547100991010666
0.32223454117774963, 0.32623159885406494
-0.5308225750923157, 0.7183908224105835
-0.4419354498386383, -0.048889052122831345
-1.1718940734863281, 0.3204219341278076
0.5230615139007568, 0.6993935108184814
-1.303259253501892, -0.106533482670784
-0.3269011974334717, 0.8936423063278198
-0.25251322984695435, 0.1189999058842659
-0.772697925567627, 0.40113404393196106
0.5579943656921387, 1.263175129890442
0.024630241096019745, 1.1810845136642456
-0.6376972794532776, 0.8434925079345703
-0.07639266550540924, 0.44851604104042053
-0.14809410274028778, 0.8919690847396851
0.48298951983451843, 0.9864913821220398
1.076770544052124, 0.6073196530342102
-0.5004174113273621, -0.02077934704720974
-0.5029559135437012, 0.3812471330165863
-0.9969884753227234, 0.3237491250038147
0.39725276827812195, 0.6970159411430359
-0.4749757647514343, 0.038419973105192184
-0.48040571808815, 0.6008004546165466
-0.5322838425636292, 1.329308032989502
0.8777459859848022, 0.8219119906425476
-0.13172724843025208, 1.0429128408432007
-0.5843858122825623, -0.17946629226207733
-0.4024006128311157, 0.9557441473007202
-0.47038355469703674, 0.48861321806907654
0.03519405424594879, 0.2528059482574463
-0.6204767227172852, 1.1334894895553589
-0.44353100657463074, -0.18931734561920166
-0.08991698175668716, 0.27422115206718445
-0.2402694970369339, 0.0779639482498169
-0.38572874665260315, 1.205867052078247
0.15782250463962555, 0.3544280230998993
-0.5176038146018982, 0.8001345992088318
-0.26878622174263, 0.7373360991477966
-0.5302528738975525, 0.5148860812187195
-0.4563654363155365, 0.5259254574775696
-0.6601259708404541, -0.0913713127374649
-0.413110613822937, 0.8189855217933655
-0.07750047743320465, 1.269649624824524
0.04169008880853653, 0.8465763330459595
-0.22640737891197205, 0.691718578338623
-0.3526213467121124, 0.8456386923789978
-0.15280814468860626, 0.36881324648857117
-1.0133365392684937, 0.6611164212226868
-0.20016275346279144, 0.5425803065299988
-0.9005619287490845, 0.35556575655937195
-0.2644957900047302, 0.3952326774597168
0.5181164741516113, 1.1522574424743652
0.3479730784893036, 0.9174529910087585
-0.6103710532188416, 1.0704209804534912
0.24164973199367523, 0.6791741847991943
-1.101077914237976, 0.2915443181991577
0.010837741196155548, 0.7727726697921753
0.4025183618068695, 1.856801152229309
0.4218428432941437, 0.5783531665802002
0.008102945983409882, 0.5769048929214478
-1.2679506540298462, 0.6768661737442017
-0.7065121531486511, 0.910797119140625
-0.6523627042770386, 0.4759913384914398
-0.5331661105155945, 0.47730523347854614
-1.2962440252304077, -0.15870791673660278
-1.1491827964782715, 0.5443209409713745
0.3177555799484253, 1.143684983253479
-0.9321564435958862, 0.011547267436981201
-0.5935168862342834, 1.239656925201416
1.1177551746368408, 1.6365272998809814
-0.787265419960022, 0.22667773067951202
-1.180417537689209, 0.2105717808008194
-1.6339781284332275, -0.03643692657351494
-1.3754280805587769, 0.229395791888237
-1.4740337133407593, 0.2103610634803772
-1.4209221601486206, -0.4142864942550659
-0.6831302642822266, 0.03443086892366409
-0.9892393350601196, -0.2104966938495636
-0.9991980791091919, 0.07507356256246567
-0.683789074420929, 0.7883967757225037
-0.19619978964328766, 1.015487790107727
0.624427318572998, 1.7534722089767456
-0.6905462145805359, 0.39580783247947693
0.00586288794875145, 0.9632486701011658
-0.9783124327659607, 0.32409557700157166
0.05288708955049515, -0.21438029408454895
-1.0091902017593384, 0.8984129428863525
0.47773388028144836, 1.4261633157730103
-1.0030231475830078, -0.6001226305961609
0.09313998371362686, -0.10907607525587082
-0.8799421191215515, 0.026209067553281784
0.5138132572174072, 0.12087418138980865
-0.8739972114562988, 0.7723519206047058
0.22521109879016876, 0.4668649733066559
0.34512487053871155, -0.1858503520488739
-0.06840260326862335, -0.29809701442718506
0.10864533483982086, 1.0444875955581665
-1.1788166761398315, 0.004761754535138607
2.1582326889038086, 0.2368725836277008
-0.610211968421936, -0.5375797152519226
-1.1958565711975098, 0.5661597847938538
0.8856894373893738, 1.9731389284133911
-0.5245960354804993, 0.2583481967449188
-0.4309883117675781, 0.40533581376075745
-0.6962395310401917, 0.42185238003730774
0.38397595286369324, -0.22284410893917084
-1.7247830629348755, 0.35859808325767517
0.20166230201721191, 1.3709346055984497
0.5577017068862915, -0.36280888319015503
-1.0085369348526, 0.2715606987476349
-1.0495890378952026, 0.03971146419644356
-1.376388669013977, -0.15166494250297546
0.34642717242240906, -0.009321172721683979
0.8651074171066284, 0.2671892046928406
0.3896150588989258, 0.8889853358268738
-0.7220545411109924, -0.10919401794672012
-0.4823428690433502, 0.13843832910060883
-0.423527330160141, 0.6283158659934998
-0.6890111565589905, 0.3554152846336365
-0.96345055103302, 0.6147109270095825
-0.08568475395441055, 0.5865300297737122
0.33865612745285034, 1.8595517873764038
-0.16411839425563812, -0.2706946134567261
-0.8391599059104919, -0.9786713123321533
-0.6577194929122925, 0.6836708188056946
-1.758579134941101, 0.6658548712730408
-0.5876905918121338, -0.03448477014899254
-1.1457599401474, 0.5919807553291321
-0.23470236361026764, 0.5300734639167786
-0.32563525438308716, 0.38244903087615967
0.4980575442314148, 1.6523178815841675
0.16658081114292145, 0.8519878387451172
-0.4349474608898163, 1.0173965692520142
-0.396843284368515, 0.07825494557619095
0.04195011034607887, 0.21265554428100586
-0.4295180141925812, 0.9872328042984009
-1.2646127939224243, 0.23559248447418213
-1.0896694660186768, 1.4896215200424194
-0.3995303213596344, 1.0470589399337769
-0.551911473274231, 0.11247725784778595
-0.9512381553649902, 1.0898334980010986
-0.029019756242632866, 0.7248725295066833
-0.008195050060749054, 0.5689921379089355
-0.5053697824478149, 0.7237957715988159
0.05315014719963074, 0.27605342864990234
-1.1613621711730957, 0.3662441074848175
-0.19655700027942657, 0.8925952315330505
-0.3082594573497772, 1.0441396236419678
0.16955821216106415, 0.7410200238227844
-0.9215946197509766, 0.7934359312057495
-0.03492998704314232, 2.099982976913452
-0.44135892391204834, 1.0515754222869873
-0.4942864775657654, 0.4428665339946747
-0.1909949779510498, -0.3950718939304352
-1.8865262269973755, 0.48513004183769226
-0.7537775039672852, 0.7121754288673401
0.13909196853637695, 1.401539921760559
-0.3288262188434601, 0.4616759717464447
-0.9770467281341553, 0.5796658396720886
-0.17020590603351593, 0.24143509566783905
-0.1634315699338913, 0.9253316521644592
-0.4243006706237793, 0.9528083205223083
-0.2965976893901825, 0.25889852643013
-0.6234421730041504, 0.6622498035430908
0.3181993067264557, 1.173001766204834
0.41900211572647095, 1.3423806428909302
0.48017725348472595, 0.9432023763656616
-1.1221483945846558, 0.2750430405139923
-1.1542607545852661, 0.09241136908531189
0.5998163223266602, 0.8835097551345825
-0.9841508269309998, -0.2669459879398346
-0.987240731716156, -0.17591290175914764
-0.1252075433731079, 0.31365132331848145
-1.0498689413070679, 0.2785038352012634
-0.2399255633354187, 0.6122514605522156
-0.7416139245033264, 1.058432698249817
-0.14132410287857056, 0.8853631615638733
-0.8874943256378174, -0.35003432631492615
-0.8185938596725464, 0.1557563692331314
0.9039838910102844, 0.612500011920929
-0.38570666313171387, -1.6478148698806763
-0.8853573203086853, 0.8814586400985718
0.5244956016540527, 0.7198402285575867
-1.0411856174468994, 1.0432369709014893
0.0451832190155983, -0.08290151506662369
0.133621484041214, 1.4364569187164307
-0.7003720998764038, -0.0508304163813591
-0.2606099545955658, 0.32226964831352234
0.06475494801998138, -0.3835026025772095
1.2767665386199951, 2.2816245555877686
0.6735280156135559, 0.7073408961296082
-0.45068734884262085, 1.2592642307281494
-0.6281877160072327, 1.3148733377456665
-1.3682180643081665, 0.545566976070404
-1.242908239364624, -0.2619876265525818
0.055330269038677216, 0.08586663007736206
0.20635859668254852, -0.42097094655036926
0.7696762681007385, -1.1362417936325073
-1.108932614326477, 0.2129668891429901
-0.8882284760475159, 0.5300017595291138
0.1376253366470337, -0.28468555212020874
-1.0178518295288086, 0.16404691338539124
-0.26557448506355286, 0.8342359066009521
-0.15664266049861908, -0.4258829355239868
0.5159944891929626, 0.8894428610801697
0.14032992720603943, 1.0776681900024414
-1.0339043140411377, -0.6989877223968506
-1.0229657888412476, -0.9972530007362366
-0.5927181839942932, 1.0573605298995972
-0.3785858452320099, 0.1240306943655014
-0.7602086663246155, 1.1560145616531372
-0.9648581743240356, 0.0029387969989329576
-0.7037373781204224, 1.2574430704116821
-0.13153409957885742, -1.154961109161377
-0.30135899782180786, -1.1586604118347168
-1.2787419557571411, 0.08446559309959412
-1.0239239931106567, 2.5122129917144775
-0.829159140586853, 0.8894020318984985
-0.5482583045959473, -1.4255340099334717
-0.853033185005188, 0.11670105159282684
0.5472708940505981, 1.0008550882339478
-2.4962375164031982, 0.8397495746612549
-1.0874334573745728, -0.09230586886405945
-1.4028147459030151, 0.3026130795478821
-0.23838770389556885, 0.15860694646835327
-1.1346732378005981, 0.21178443729877472
-0.19706487655639648, 1.507411003112793
0.8092311024665833, 1.3472601175308228
0.642329216003418, 0.7705355882644653
-0.18176908791065216, 0.018626227974891663
-1.211197018623352, -0.17208698391914368
-0.34964561462402344, 1.0049843788146973
-0.23142850399017334, 1.2637559175491333
-1.366568684577942, -0.7392449378967285
0.15375176072120667, -0.0497293546795845
1.01179838180542, 1.0033159255981445
-0.8726006746292114, 0.8644407391548157
-1.6740632057189941, 0.15641219913959503
-0.8932158350944519, 0.565185010433197
-0.6970282196998596, 0.315193235874176
-1.0911222696304321, -0.16167841851711273
0.9736495614051819, 0.5974225997924805
-1.3869845867156982, 1.009482741355896
-1.3551517724990845, 0.6560261249542236
-1.3613985776901245, 0.6841881275177002
-1.3789153099060059, 0.4749760627746582
1.0853303670883179, 1.0977489948272705
-1.496870994567871, 0.6533700823783875
-0.8768702745437622, -0.05866582691669464
-1.4668679237365723, 0.8936863541603088
-0.7206290364265442, 0.2875669002532959
-0.5782501101493835, -0.3423269987106323
-0.6154301166534424, 0.33135083317756653
-0.10387248545885086, 1.1311901807785034
-0.531652569770813, 0.2835202217102051
0.46509161591529846, -0.09505797177553177
-0.6311001777648926, 0.47530630230903625
0.17132510244846344, 0.32440441846847534
-0.21580547094345093, 0.07207338511943817
-0.005638808943331242, 1.1718450784683228
-1.081516981124878, 0.5409058928489685
-0.7717188000679016, 0.37177935242652893
-0.7519721984863281, 0.684127151966095
-1.0161874294281006, 0.19399631023406982
-0.8715912699699402, 0.6255527138710022
-0.9331012964248657, 1.1259922981262207
-0.8157545328140259, 1.241334319114685
0.6283582448959351, -0.5848642587661743
-0.8212395310401917, 0.9657227396965027
-0.1541493535041809, 0.27728310227394104
-0.13891661167144775, 1.4267921447753906
-0.09473606199026108, -0.10280852764844894
-0.3019873797893524, 1.1562261581420898
0.6373229026794434, 1.2072261571884155
-0.6397839188575745, 0.32436567544937134
-0.06645793467760086, 1.221022605895996
-1.0548038482666016, -0.08807585388422012
-0.3093755543231964, 0.5022304058074951
-0.3073091208934784, 1.0145139694213867
-0.6771172285079956, 0.27219560742378235
-0.3736398220062256, 0.6829736232757568
-0.3924356698989868, 0.30426526069641113
-0.08019215613603592, 0.26464614272117615
-0.1270018368959427, 0.17085404694080353
0.015450578182935715, 0.21784427762031555
-0.5959502458572388, -0.2693893611431122
-0.9098990559577942, 0.501049816608429
-0.276506632566452, 0.16941571235656738
-0.5059432983398438, 0.9391973614692688
-0.9018446803092957, 0.26462671160697937
-1.1401307582855225, -0.23568248748779297
-0.4190950095653534, 0.02488037198781967
-0.09327509254217148, 0.5988308787345886
-0.8961346745491028, 0.09174902737140656
-0.692505955696106, -0.4376513361930847
-2.1496903896331787, 0.4221961498260498
-0.5986840724945068, 0.5259453654289246
-1.5518536567687988, 0.5636396408081055
-1.5050100088119507, -0.6065605878829956
-1.5353262424468994, 1.3760340213775635
-0.35860195755958557, 0.850395143032074
-0.6382925510406494, -0.47204434871673584
-0.8804137706756592, -1.122094988822937
-0.5404079556465149, 1.1180245876312256
-0.10538123548030853, 1.516309380531311
0.8376952409744263, -0.11419090628623962
0.17417849600315094, 0.504043459892273
0.0290951170027256, 1.57233464717865
0.2794942855834961, 0.45090603828430176
0.17296428978443146, 2.852128028869629
-0.47271448373794556, 1.0701301097869873
-0.451907753944397, 1.4369345903396606
-0.6215437054634094, 0.47877734899520874
-1.315683126449585, 0.4650801718235016
0.5229150056838989, 1.1791858673095703
-0.5668820142745972, 0.09965410083532333
-0.6869279742240906, 0.5170493721961975
-1.1533422470092773, 0.15336573123931885
-0.08323939889669418, 0.9044658541679382
0.1858336627483368, 1.2072265148162842
0.9478210210800171, 0.7435165643692017
-0.7012903094291687, 1.2605887651443481
-0.25552788376808167, 0.8491219282150269
-0.3154188096523285, 0.752903401851654
-0.509835422039032, 1.075984001159668
-0.5088136792182922, 1.0526010990142822
0.5939638614654541, 1.1306999921798706
-0.6316710114479065, 1.514649748802185
-0.32780352234840393, 1.2415083646774292
-0.17769749462604523, 1.5356439352035522
-0.34518367052078247, 0.7554057836532593
-0.9055471420288086, 1.054566502571106
-0.5095263719558716, 1.195801019668579
-0.1140832006931305, 1.8011984825134277
0.21284550428390503, 0.2756190001964569
0.4501112997531891, 0.6952706575393677
-0.3338325321674347, 0.9899029731750488
0.7193251252174377, 0.4335203766822815
-0.5663876533508301, 1.5654984712600708
-0.8520246148109436, 0.9186751842498779
-1.0205409526824951, 0.6494957208633423
-0.8806243538856506, 0.26135438680648804
-0.7313445806503296, 0.7346271276473999
-0.6051061749458313, 1.1331474781036377
0.04902748018503189, 0.9408402442932129
-1.8437631130218506, 0.7075245976448059
-0.8938948512077332, 0.6121343374252319
-1.2336491346359253, 0.7860757112503052
-0.21780391037464142, 0.47551193833351135
-0.4387057423591614, 1.2616163492202759
0.030439825728535652, 0.9077549576759338
0.14073234796524048, 1.0506956577301025
0.6012306809425354, 1.9622951745986938
0.06612423807382584, 0.710523247718811
0.5724896192550659, 1.1767857074737549
-0.3033430576324463, 0.6425577402114868
-0.32863491773605347, 0.7166230082511902
0.7900024056434631, 0.6020042896270752
0.11265672743320465, 0.8671815991401672
-0.1768128126859665, 1.5215708017349243
-0.048811174929142, 0.6308890581130981
0.5130506157875061, 0.6642968058586121
0.5836045742034912, 1.5356532335281372
0.41429442167282104, 0.14504143595695496
-0.48024240136146545, 1.3718267679214478
-0.946961522102356, 0.5417250394821167
-0.14520952105522156, 0.7351241707801819
0.347865492105484, 1.2671997547149658
-0.31230828166007996, 0.4768088459968567
-0.13000498712062836, 1.6495366096496582
0.2272561937570572, 1.0942325592041016
-0.5325151681900024, 0.29246652126312256
-0.341958612203598, 0.8274536728858948
-0.4435212016105652, 1.0795907974243164
0.7581093907356262, 1.3086711168289185
-0.3082640469074249, 1.5028916597366333
-0.05980841815471649, 0.8873128294944763
0.20567262172698975, 0.27865883708000183
-0.06626000255346298, 1.7740898132324219
0.036491673439741135, -0.13442835211753845
-0.5319964289665222, -0.6287810802459717
0.5249900817871094, 1.122918725013733
1.1266257762908936, 0.9293902516365051
-0.14868253469467163, -0.06415688246488571
-1.103129506111145, 0.19251805543899536
-0.4470008611679077, 0.09805065393447876
-0.38419604301452637, -0.5446587204933167
-0.710678219795227, -0.07364889234304428
0.562303364276886, 2.2148373126983643
0.42021292448043823, -0.8272432684898376
-0.7851468920707703, -0.47753986716270447
-1.3001967668533325, 0.5150983929634094
1.0245399475097656, 1.1673033237457275
0.1547192633152008, 1.3778387308120728
-0.17049682140350342, 0.6901501417160034
-1.5380971431732178, 0.09613335877656937
-0.17049242556095123, 0.9483008980751038
-1.400334119796753, -0.008842390961945057
-1.2290143966674805, 0.8541849851608276
-0.7251350283622742, -0.3151797354221344
-0.753052830696106, 0.7397653460502625
0.5986799597740173, 1.500010371208191
0.8257677555084229, 0.6439625024795532
0.5106300711631775, 1.689460039138794
0.05740267410874367, -0.2867191731929779
-0.5106027722358704, 0.031480077654123306
0.8525992035865784, -0.5681310296058655
-0.7804269194602966, 0.6813427209854126
-0.8891943693161011, 0.3394818902015686
-1.4375542402267456, 0.9770027995109558
-1.2655917406082153, 1.5586057901382446
-0.9585247039794922, 0.30869394540786743
-0.260115385055542, 0.5066059231758118
-1.4611387252807617, 0.6335696578025818
-0.9680346250534058, 0.23833763599395752
-0.7709420919418335, 0.8063872456550598
-0.03581622615456581, -0.050396259874105453
-0.18606802821159363, -0.18689754605293274
-0.3202088177204132, 0.2941989004611969
-1.851862907409668, 1.7786016464233398
-1.9341498613357544, -0.5910406708717346
-0.9077036380767822, -0.13844868540763855
-0.7461984753608704, 0.23121605813503265
-0.6175212264060974, 0.09524029493331909
-1.530281662940979, 0.4008306562900543
-0.11078278720378876, 0.10631122440099716
-0.21131858229637146, -0.3143520653247833
-0.27243298292160034, 1.4240055084228516
0.25078216195106506, 0.3899335563182831
0.5156021118164062, -0.299808144569397
-0.1502685844898224, -0.37622547149658203
-1.285136342048645, 0.43499520421028137
-0.12699134647846222, 0.33141568303108215
-0.9794353246688843, 0.33058780431747437
0.7230565547943115, 0.9564957618713379
0.06150248274207115, 0.0570661760866642
-0.566827118396759, 0.4947531819343567
-0.7429957985877991, 1.3655457496643066
0.5532379746437073, 2.4222023487091064
-0.06947313249111176, 1.0175082683563232
-1.3413162231445312, 0.8441787958145142
-0.9206298589706421, 0.4217131733894348
-1.3700120449066162, 0.45498016476631165
-0.11955893039703369, 0.2838524281978607
-0.03995918110013008, 0.1545681357383728
-0.34433022141456604, -0.1720035970211029
0.875730037689209, 0.5892692804336548
-0.6276880502700806, 1.095607042312622
-0.2746683359146118, 1.1407716274261475
-0.4416919946670532, 1.6835048198699951
-0.5547143220901489, 0.0895627811551094
-0.6756330728530884, 1.4796676635742188
-0.41430774331092834, 0.7132667303085327
0.2602401673793793, 0.6779847741127014
-0.9461807608604431, 0.013388390652835369
0.21701505780220032, 0.9109509587287903
-0.5305492877960205, 1.670854926109314
0.1739642173051834, 0.23539851605892181
-2.0768301486968994, 1.0941838026046753
-0.8565652966499329, 0.5791028141975403
-0.45374375581741333, 1.371515154838562
-0.2256011664867401, 1.3779091835021973
-0.7311312556266785, 1.5287436246871948
0.12916362285614014, 0.9474517703056335
-0.46300289034843445, 0.41578489542007446
-1.1334105730056763, 0.6173020005226135
-0.7903620600700378, 2.217294216156006
-0.5121764540672302, 1.0835076570510864
-0.15649497509002686, 0.01597021333873272
-1.1955592632293701, 0.12867331504821777
-0.5379003882408142, 0.7448447346687317
-0.8349812030792236, 1.605401635169983
-0.97040855884552, 0.5698210597038269
-0.36342862248420715, 0.594122052192688
-0.29378098249435425, 0.7056339383125305
-0.02807902731001377, 0.638762354850769
0.638299822807312, 1.8930450677871704
0.9745269417762756, 0.921712338924408
-0.9050732254981995, 0.3025558292865753
-1.2085458040237427, -0.6658947467803955
-0.4110429286956787, 0.7072992324829102
-0.5483309626579285, -0.023828255012631416
0.470638245344162, 0.7911642789840698
0.33976471424102783, 1.0096139907836914
-0.49974218010902405, 1.250195026397705
0.6729856729507446, 0.44652581214904785
-0.1635560393333435, 0.7938498258590698
0.7592337727546692, 0.8615013360977173
0.2360699623823166, 1.0688953399658203
-0.050624947994947433, 1.2187200784683228
0.0700000748038292, 1.6002717018127441
-0.25579050183296204, 1.8512442111968994
0.7665667533874512, 1.0777404308319092
0.43196699023246765, 0.9338235855102539
0.051837410777807236, 0.8763399124145508
0.6822535991668701, 1.531001091003418
-0.5361894965171814, 0.5738670229911804
0.44522014260292053, 0.9019773602485657
0.013388611376285553, 1.111211895942688
0.22215472161769867, 1.1341954469680786
-0.754234790802002, 0.7005783915519714
-0.24188609421253204, 1.7638007402420044
-0.4809023141860962, 1.1543490886688232
-1.3077640533447266, 0.456659734249115
-0.23157544434070587, 0.8230112791061401
-0.582038938999176, 1.208770513534546
-0.22173087298870087, 0.5877283215522766
-1.248139500617981, 0.31912103295326233
-0.013482898473739624, 1.0204983949661255
1.39930260181427, 0.24102145433425903
-0.6436483263969421, 0.006342786829918623
-0.08899536728858948, 0.31840255856513977
0.4713415801525116, 1.6105283498764038
0.691188395023346, 0.7549117207527161
0.4671373963356018, -0.5044554471969604
-0.22915112972259521, 0.4918553829193115
-0.4293653070926666, 1.0005708932876587
-1.0221375226974487, 0.13101360201835632
-1.1013777256011963, 0.7100094556808472
-1.0318515300750732, 0.4396085739135742
-0.06508415192365646, 1.472785472869873
-0.16174302995204926, 1.1033893823623657
-0.11987754702568054, 0.4637044072151184
-0.6604986190795898, -0.01209880318492651
-0.713154137134552, 0.308060884475708
-0.863547682762146, -0.3863552212715149
-0.7995325326919556, -0.10852406919002533
-0.7282126545906067, -0.7012451887130737
0.06579912453889847, -0.6474052667617798
-1.1075448989868164, 0.5527275800704956
-1.0300506353378296, 0.8766884803771973
-0.9968540668487549, 2.4366614525206387E-4
-0.4651471972465515, -0.7723594903945923
-0.22622235119342804, -0.5284503698348999
-0.7166048884391785, 0.47443145513534546
0.1334502100944519, 0.04564984515309334
0.5118086338043213, 0.32765132188796997
-1.7626831531524658, 0.6600132584571838
-0.5336217880249023, 1.1045756340026855
0.21596483886241913, 1.3751624822616577
-0.006902634631842375, 0.09408237785100937
-0.06897679716348648, 0.4602568447589874
0.5851857662200928, 0.3099856972694397
0.4889351427555084, 0.3207143545150757
-0.44634318351745605, 1.0047307014465332
0.07786138355731964, 1.0961687564849854
-0.12835226953029633, 0.5269454717636108
0.9841772317886353, 0.570118248462677
-0.8416716456413269, 0.13016989827156067
-0.2974207103252411, 1.550573706626892
-0.4623102843761444, 1.314942479133606
-0.6425042748451233, 0.2650918960571289
-0.21724723279476166, 1.4550939798355103
0.43475955724716187, 1.4147121906280518
0.3445500135421753, 1.7206666469573975
-1.0994318723678589, 0.3385271728038788
-0.36331790685653687, 0.6031976342201233
-0.05090833455324173, 0.4903501272201538
0.14245085418224335, 1.3499889373779297
0.34165772795677185, -0.10180105268955231
-0.08596247434616089, 1.021315097808838
0.09958985447883606, 1.4117341041564941
-0.22442881762981415, 0.2935827672481537
-0.05914521589875221, 0.4773084223270416
-1.1395505666732788, 1.4073643684387207
-1.4856634140014648, -0.5524697303771973
0.38090983033180237, -1.310376763343811
-0.24950210750102997, 0.33830323815345764
-0.33081692457199097, 0.41676217317581177
-0.8874982595443726, 1.1350497007369995
-1.0653297901153564, 1.3204004764556885
-1.1654492616653442, -0.47771528363227844
0.18123868107795715, -0.2100422978401184
-1.1265417337417603, 0.38455355167388916
-1.5359450578689575, 0.6602441668510437
0.5379603505134583, 0.8431045413017273
-0.9249050617218018, 1.3725759983062744
-1.340993046760559, 0.31016451120376587
0.5695086121559143, -1.1170810461044312
-1.3539924621582031, 0.5350151062011719
-0.8507561087608337, 1.2573916912078857
-0.3789481520652771, 0.45533740520477295
1.266465187072754, 0.39796334505081177
-0.28060659766197205, -0.26959750056266785
-1.2182284593582153, 0.17512573301792145
-0.7294288277626038, 0.4581635892391205
-0.6273237466812134, 0.8526540398597717
-1.1077152490615845, 0.25805917382240295
0.875063419342041, 0.5464687347412109
0.35307735204696655, 1.2550759315490723
0.7892731428146362, 1.9944673776626587
-1.0321696996688843, 0.41445061564445496
-0.4860685169696808, 1.253129482269287
-0.7006243467330933, -0.4956916272640228
-0.22886718809604645, -0.5685670971870422
0.28668099641799927, 0.7070369720458984
-0.6656877994537354, -0.38595181703567505
0.0554879754781723, -0.28017663955688477
0.7463546395301819, 2.198143720626831
-0.2615131139755249, 0.47183355689048767
-1.5894880294799805, 0.32668596506118774
-0.7711995840072632, 0.7253270745277405
0.40847212076187134, 0.8906121253967285
0.29722359776496887, -0.3926604986190796
-0.048370081931352615, -0.7352733612060547
-1.7016183137893677, -0.8164247274398804
-0.5629385709762573, -0.30309876799583435
-0.6766120195388794, 0.5312657356262207
-0.5420472025871277, -0.19731375575065613
-1.1652982234954834, 0.1124299019575119
-0.23070555925369263, 0.5504263639450073
0.10173766314983368, 0.9689346551895142
2.1519033908843994, -0.852208137512207
-0.805134654045105, -0.11158972978591919
-0.9535508155822754, -0.28293168544769287
-0.5568633079528809, 1.933876872062683
-0.10597410053014755, -0.06304363161325455
-0.08532493561506271, 0.3829079866409302
0.6387133598327637, 1.2925118207931519
-0.8408979177474976, -0.12262944877147675
-1.3521931171417236, 1.786519169807434
-0.22666771709918976, 0.9402503967285156
-0.4459717571735382, 0.15862542390823364
-0.9162139296531677, 0.5680604577064514
-0.8002551198005676, 0.37745794653892517
-0.3926873505115509, -0.013834401033818722
-1.5311020612716675, 0.2330915480852127
-0.5303113460540771, 1.2065097093582153
-1.2752647399902344, -0.13675135374069214
-0.10110025852918625, 0.1648811548948288
-1.0203937292099, 0.8549270629882812
0.30890780687332153, -0.6997627019882202
-1.106088638305664, 1.2715644836425781
0.27807581424713135, -0.6575416922569275
0.5094969272613525, 0.7298044562339783
-0.08939942717552185, -0.3870640695095062
-0.8298035860061646, -0.7379353642463684
0.27125024795532227, 0.5457471013069153
0.0068501923233270645, 2.727468252182007
-1.6914445161819458, -0.057833921164274216
-1.7250040769577026, 0.6399903297424316
-1.330610752105713, 0.5010088682174683
-1.3517261743545532, 0.6533836126327515
1.9230053424835205, 1.6587899923324585
-0.0346955843269825, 1.7001891136169434
-0.7880986332893372, 0.08422424644231796
-0.8703438639640808, 0.23364414274692535
-1.1047310829162598, -0.2461865395307541
-0.0486450232565403, 0.7737172842025757
-0.05344018340110779, -0.3692624270915985
-1.4672545194625854, 0.42763757705688477
-0.4183182120323181, 1.382921576499939
-0.7398919463157654, 0.28835466504096985
-0.6835808157920837, -1.7802540969569236E-4
-1.0064685344696045, 0.9886813163757324
-1.5348175764083862, 0.9483684301376343
-0.4941074550151825, 1.6841872930526733
0.14070935547351837, -0.2371772676706314
0.38142961263656616, 1.949251651763916
-0.5055012702941895, 0.8244057893753052
-0.6797117590904236, -0.20075391232967377
0.36950650811195374, -0.4232195019721985
-0.35483214259147644, 0.5498033165931702
0.09950919449329376, 1.372112512588501
-1.8175616264343262, 0.07862377911806107
-1.0157499313354492, 0.5039865970611572
-0.8537359833717346, -0.16734394431114197
-0.16199703514575958, 0.35970452427864075
-0.7476704716682434, 0.7707798480987549
-0.4127708375453949, 0.7115090489387512
-1.3154956102371216, -0.20208027958869934
-1.1622791290283203, 0.900772750377655
-0.8854200839996338, -0.031955063343048096
-0.9846195578575134, -0.635276198387146
-0.3437754511833191, 0.08362183719873428
-0.10110025852918625, 0.1648811548948288
-0.7080325484275818, 1.2695692777633667
0.555779218673706, -0.17941471934318542
-0.46101993322372437, 0.9507529735565186
-0.05091051757335663, 0.47404131293296814
1.800324559211731, 0.9245046377182007
-0.3938573896884918, 1.0941791534423828
-0.3315132260322571, -0.01649446412920952
-0.3405263125896454, 0.24137693643569946
-0.1340666115283966, -0.9277439117431641
-0.9162652492523193, 0.7801418304443359
-1.1683449745178223, 0.16817325353622437
-1.8362419605255127, 0.4646787643432617
-0.6488021612167358, 1.1010154485702515
-0.4396834969520569, 1.868308663368225
-0.4803040623664856, 0.22308307886123657
-1.1724363565444946, 1.3448008298873901
-0.4726998209953308, 1.3902276754379272
-0.39473843574523926, 0.2829569876194
0.4593089818954468, -0.7547001838684082
1.1303883790969849, 0.5626046061515808
0.5138813257217407, 2.2440543174743652
-0.10110025852918625, 0.1648811548948288
1.8959177732467651, -0.06484025716781616
1.6667946577072144, 1.0156430006027222
0.3696364462375641, 1.7764638662338257
0.562254011631012, 1.8283131122589111
-0.30330076813697815, 0.4946434795856476
-0.08416127413511276, 0.27905479073524475
-0.5114362239837646, -0.6783173680305481
-0.8369323015213013, -0.9477486610412598
0.018016792833805084, 0.9727151989936829
-1.5130072832107544, 0.7100646495819092
-1.0393810272216797, 1.4559217691421509
-0.9204162955284119, 0.42398008704185486
-1.1910686492919922, 2.691298484802246
-0.6641615033149719, -0.008431154303252697
-0.7489616870880127, 1.516998052597046
-0.45796701312065125, 1.049780011177063
-1.12030827999115, -0.058798570185899734
0.4974678158760071, 0.4112359583377838
-0.12534575164318085, -0.607255220413208
0.14261768758296967, 0.3885405659675598
-0.835419774055481, -0.6419291496276855
-0.4075201749801636, 0.9238545298576355
0.4238421320915222, 0.775017499923706
0.6049045324325562, -0.11803354322910309
0.06692156195640564, -0.8912492394447327
-0.5342392325401306, -0.17956456542015076
-0.7756921052932739, -0.17608791589736938
-0.4223332405090332, -0.2887214422225952
-0.9263898134231567, 0.3113177418708801
0.08203746378421783, 0.80488121509552
0.319094181060791, -0.5387855768203735
1.441084384918213, 1.06644606590271
0.33781665563583374, -0.8117024898529053
0.4294453561306, 0.7711172103881836
-0.35042843222618103, 1.5647964477539062
0.25956475734710693, -0.12441594898700714
1.679580807685852, 0.7956680655479431
-0.5281466245651245, -0.8812521696090698
-0.5049788951873779, -0.13503867387771606
-0.6178853511810303, -0.451790452003479
-1.6857824325561523, 0.7557101845741272
-1.8806365728378296, 0.22986619174480438
-1.1352590322494507, 0.04681376367807388
-0.6572152972221375, 2.977635145187378
-0.22775141894817352, -0.1002834141254425
-1.1521769762039185, 0.6798737049102783
-0.5580025315284729, 0.9044921398162842
-0.9102939963340759, 2.264374256134033
-1.0374871492385864, -0.1419161856174469
0.5671305656433105, 2.1043763160705566
1.4474276304244995, 0.9531972408294678
1.1927894353866577, -0.20267878472805023
-0.9570929408073425, -0.8307603001594543
-0.48725199699401855, 1.5136750936508179
-0.10110025852918625, 0.1648811548948288
1.9733754396438599, 0.04928069934248924
-0.6468034982681274, 0.6534117460250854
0.31903189420700073, 1.3825948238372803
-0.0023042119573801756, 0.5288168787956238
-0.6601183414459229, 1.5759774446487427
0.6248610615730286, 0.892251193523407
-0.8887507915496826, 0.7000821232795715
-0.356994092464447, 1.5275990962982178
-2.0896880626678467, 1.6673675775527954
-1.085464596748352, 1.4648487567901611
-0.6258518099784851, 0.7121407389640808
1.3191636800765991, 0.2421158105134964
-0.22615262866020203, 0.6050892472267151
0.34944653511047363, 1.3789570331573486
1.9931435585021973, 1.7865122556686401
0.4584151804447174, 1.1078697443008423
-0.4261140525341034, 1.2551835775375366
-1.3172293901443481, -0.029360944405198097
-1.0494369268417358, -0.5896754264831543
0.4474053680896759, 1.1575747728347778
-1.0132637023925781, -0.26341119408607483
-0.8820164799690247, 0.9066984057426453
-1.0384223461151123, 0.08671651035547256
-0.7154436707496643, 0.533115804195404
-0.4094775319099426, 0.45876580476760864
1.5024195909500122, 0.49918004870414734
-1.1287651062011719, 0.23868845403194427
0.7725648880004883, 1.3482877016067505
-0.4581666588783264, 1.3719831705093384
0.027879593893885612, 0.4917072057723999
-0.6582246422767639, 0.520950198173523
-0.398158460855484, 0.2844572365283966
-0.43746551871299744, 1.0998308658599854
-0.30160579085350037, 0.05092494562268257
-0.1628628522157669, 0.6837818026542664
0.5850443840026855, 0.004034830257296562
-0.6955736875534058, -1.4964176416397095
-1.1858501434326172, 0.8957694172859192
-0.7988103032112122, -0.7660970091819763
0.4254686236381531, 1.7566310167312622
-0.6030657291412354, -0.28932398557662964
-1.0906453132629395, 0.4936894476413727
-0.8165966868400574, 1.1694265604019165
-0.8892860412597656, 1.159517526626587
0.523743212223053, -0.3300231993198395
-1.7609333992004395, 0.6049573421478271
-0.7161863446235657, 0.3172912299633026
0.2762983739376068, 0.5095583200454712
-0.23384135961532593, 0.6606647372245789
0.25497716665267944, 0.40733784437179565
-0.09743887931108475, -0.7061482667922974
0.3315114974975586, 0.776197075843811
0.27814003825187683, 0.3848714828491211
0.19219651818275452, 2.2218031883239746
0.24014784395694733, 1.5529407262802124
-0.927100658416748, 1.0434373617172241
-0.10077140480279922, 2.068774461746216
-0.9760501384735107, 2.11637544631958
-2.113353729248047, 0.34956058859825134
-1.0187908411026, 1.003469467163086
-0.20716845989227295, 1.3767973184585571
-1.1218777894973755, 0.600683331489563
-0.22153164446353912, 2.0308520793914795
0.8078789114952087, 0.8718205690383911
0.09987595677375793, 2.1648740768432617
-0.5713525414466858, 1.2540767192840576
-1.8379201889038086, 1.3131377696990967
-0.9148609638214111, -0.029741980135440826
-0.6370828747749329, -0.007212785538285971
-0.7826011180877686, -0.014155205339193344
-0.549961507320404, 0.145557701587677
-0.693247377872467, -0.21379707753658295
1.2122946977615356, 0.31644973158836365
-0.7919496297836304, 0.3683692216873169
-0.7267005443572998, -0.5801414847373962
-0.9664322137832642, 0.9114566445350647
-1.5311716794967651, 0.07427537441253662
0.44106969237327576, 0.5286403298377991
-1.661626935005188, 0.2782699763774872
0.1853911578655243, 1.253583312034607
-0.9340236186981201, 0.015956243500113487
-1.425789475440979, 1.3521250486373901
-0.02823632024228573, 0.13915082812309265
1.326528549194336, 0.3085322678089142
-0.06461556255817413, 0.57171630859375
-0.7421286106109619, 0.43617039918899536
0.41161808371543884, 0.1305164098739624
-0.05419671908020973, 0.9599282741546631
-0.7308923602104187, -0.19912540912628174
0.7364339232444763, 1.7059155702590942
-0.6974237561225891, 3.342881679534912
-0.3251641094684601, -1.050276756286621
0.23050417006015778, -0.5526784062385559
-1.115531086921692, -1.6336164474487305
0.1312330663204193, 0.16919736564159393
-0.3946450650691986, -0.20510947704315186
-0.3845178782939911, 0.5203413367271423
0.9688524603843689, 0.3366276025772095
0.2940102815628052, -0.06098927557468414
-0.650572657585144, 0.8081229329109192
-0.14974817633628845, 0.24766263365745544
0.8361709713935852, 0.10278818756341934
-0.2827287018299103, 0.4791727662086487
0.29586681723594666, 1.198880672454834
-0.5721983313560486, 1.1554572582244873
-0.8294785022735596, 0.4108607769012451
-0.30775171518325806, -0.27822455763816833
0.6617669463157654, -1.315127968788147
-1.0700774192810059, -0.25469163060188293
1.015541672706604, 1.3285717964172363
-0.5945775508880615, 1.049209713935852
-0.75733882188797, 1.1579185724258423
-0.2730896472930908, 1.192519187927246
-0.5674126148223877, 0.35072553157806396
1.5858590602874756, 0.3377029597759247
-1.004607915878296, -0.12109723687171936
0.488509863615036, 0.868733823299408
-0.8381631374359131, -1.0300098657608032
0.1131044551730156, 0.08524075895547867
-0.32494816184043884, 0.6753907203674316
-0.7083486914634705, 0.357075572013855
-1.050044298171997, 0.38540172576904297
-0.9417190551757812, 1.8228908777236938
-1.0340313911437988, 0.8052573204040527
-1.533470869064331, 0.42642948031425476
-0.49936893582344055, -0.3629467189311981
-0.36394089460372925, 0.26928970217704773
-1.1690031290054321, -0.1621863692998886
0.19721479713916779, -0.30308741331100464
0.04839732125401497, -0.21396689116954803
0.36027711629867554, -0.9915652871131897
-0.3027549386024475, 0.3440694808959961
-0.21894317865371704, 0.15318819880485535
-1.2986478805541992, -0.45690619945526123
-0.6922422647476196, 1.3142393827438354
-0.40198397636413574, 0.09904950857162476
-1.1156842708587646, 1.0593184232711792
0.008038957603275776, 0.5884522795677185
-0.8552795648574829, 0.6121060252189636
-1.1435513496398926, 0.21129421889781952
0.3328499495983124, -0.10772422701120377
0.6054173111915588, -0.3323763310909271
-0.5685766339302063, 0.7350656390190125
-0.8873468041419983, 0.3429546654224396
0.694760799407959, -0.1707211136817932
-2.087071180343628, -0.5441871881484985
0.32391801476478577, 1.0165735483169556
-1.7503830194473267, -0.186931312084198
-0.9242407083511353, 0.2524217367172241
1.4732391834259033, 0.6122066974639893
0.03822803497314453, -0.5934826135635376
0.27184391021728516, 0.697390079498291
-0.6857300400733948, 1.7573814392089844
-0.5984823703765869, -0.23074878752231598
-0.11844269186258316, 1.418755054473877
-1.9363114833831787, 0.38493362069129944
-0.25367259979248047, 1.2532718181610107
0.6701639890670776, 2.0109097957611084
-1.8099671602249146, 3.3311967849731445
0.8898847103118896, 1.6038930416107178
0.3179553747177124, 1.8034796714782715
-0.8097139000892639, 1.626097559928894
0.4336543083190918, 2.0225157737731934
-0.936320960521698, 1.8776494264602661
-0.2891561686992645, 0.21560509502887726
0.1415082812309265, 0.9772999286651611
-0.8516878485679626, 0.5285451412200928
0.3281756639480591, 0.06252723187208176
-1.1320160627365112, 0.5343172550201416
1.2288873195648193, -0.4770635962486267
0.029631301760673523, 0.33037737011909485
-0.6484774351119995, -0.5553442239761353
0.29537537693977356, 0.7736721038818359
0.6439786553382874, -0.6117174029350281
-0.06593675911426544, 0.7515116333961487
0.3909308612346649, 0.2205604612827301
-0.3694100081920624, 1.627187967300415
0.7590335607528687, 0.11768174916505814
-0.6219438910484314, 1.0354467630386353
-1.1492213010787964, 0.4468748867511749
-0.552818775177002, -0.8553727269172668
-1.1846699714660645, 0.22931544482707977
-1.2953566312789917, 0.7932342886924744
-0.34590083360671997, 0.012238460592925549
0.6956437826156616, -0.14909528195858002
-0.3947388529777527, 0.8754628896713257
-1.153810977935791, 1.7298649549484253
-0.8888835906982422, 0.19225484132766724
-0.07494490593671799, 0.6861802339553833
0.37413322925567627, 1.860031008720398
0.32266518473625183, 1.363276481628418
1.9610456228256226, 0.5429983735084534
0.682905375957489, 1.1991904973983765
-0.5233548283576965, 1.6791754961013794
-0.5490514636039734, -0.8156240582466125
0.8936417698860168, 0.4735771715641022
0.18816883862018585, 0.27484992146492004
-0.5398073196411133, -0.2820647358894348
0.25476783514022827, 0.3268371522426605
-1.2882298231124878, 2.062431573867798
0.11168986558914185, 0.9251385927200317
0.5269230008125305, 0.979024350643158
0.6610811352729797, 0.10321217030286789
0.057530246675014496, 1.1251637935638428
-0.7697280049324036, 1.8963648080825806
-0.178580641746521, 1.710990309715271
0.20692847669124603, 1.0807859897613525
-0.26498857140541077, 0.8559200763702393
0.059475190937519073, 1.0589929819107056
-0.616746723651886, 0.7369794845581055
0.5673713684082031, 0.5590830445289612
-0.6460540890693665, 0.27309805154800415
-0.2709687054157257, 1.669445514678955
-1.9666491746902466, 1.7865294218063354
-0.01740606501698494, 0.7938335537910461
0.04189581423997879, 0.2949816882610321
-0.07166735827922821, 0.2123267650604248
0.20845867693424225, 1.1027270555496216
0.7715083360671997, 0.5476645231246948
0.07542493939399719, 1.7493404150009155
0.32802972197532654, 1.3016157150268555
0.04277096688747406, 1.76318359375
0.3347017168998718, 0.16535891592502594
0.2673942744731903, 1.3446940183639526
1.4714856147766113, 1.0416431427001953
-0.5979728102684021, 0.09124533087015152
-1.420669674873352, 1.7963923215866089
-1.1920373439788818, -0.29627764225006104
-0.7559274435043335, 0.9711944460868835
0.41284653544425964, 2.317352056503296
-1.2363290786743164, 1.032152771949768
-0.7458832263946533, 0.36838167905807495
-0.4059484601020813, 2.184354782104492
-0.11265867203474045, 0.3713771104812622
0.47509607672691345, -0.11500541120767593
0.2910475730895996, 1.3583998680114746
0.02042125165462494, 0.2813538908958435
-0.8963344693183899, -0.1486891359090805
-0.4201568365097046, 0.2269609570503235
0.04658094793558121, 0.7502830624580383
0.02201054058969021, 0.5705501437187195
0.32011306285858154, 1.2638825178146362
0.4012433886528015, 0.9035900831222534
-0.875369131565094, 1.448919415473938
-1.1920762062072754, -0.29096707701683044
-0.48257145285606384, 0.8935624361038208
0.9774989485740662, -0.7221456170082092
0.15794014930725098, 0.2843782901763916
0.21594956517219543, 0.2654510736465454
-0.07073180377483368, -0.3305607736110687
0.13387930393218994, 1.4357346296310425
-0.516764760017395, 1.6715894937515259
-1.1319236755371094, 2.3286545276641846
-0.4886099696159363, 1.1456444263458252
-0.5318430066108704, 0.1815873384475708
-0.8060512542724609, -0.5690714120864868
-1.7644689083099365, -0.013589780777692795
0.42821013927459717, 0.04300618916749954
-0.0837179496884346, 0.9037142395973206
0.125930055975914, 0.026565223932266235
0.24651360511779785, -0.4368964433670044
-0.11131560802459717, -0.25593262910842896
1.5258889198303223, 1.3122025728225708
0.7771872878074646, 1.4980050325393677
-0.5254407525062561, 0.960098922252655
-0.28021422028541565, 0.11946042627096176
0.8654880523681641, 1.8836522102355957
0.026499459519982338, -0.013852308504283428
0.910702645778656, 0.77414870262146
-0.8452293872833252, 1.2270283699035645
0.2112092673778534, 0.38097235560417175
-0.7604389190673828, -0.949464738368988
0.1473340541124344, -0.3292393982410431
-0.18014129996299744, 0.07340486347675323
-0.27720868587493896, 0.30695971846580505
-1.457273244857788, 0.9697113037109375
-0.9003874063491821, 2.6076340675354004
0.0736970379948616, -1.2042944431304932
-0.15866681933403015, 1.689255714416504
-0.043365612626075745, 0.8291197419166565
-0.22781462967395782, -0.8363136649131775
-0.4846540689468384, 0.4683021903038025
-0.9130232930183411, 1.0220078229904175
0.26276788115501404, 0.30074140429496765
-1.8274327516555786, 1.604135513305664
0.37444061040878296, 0.3303077518939972
0.28036513924598694, 0.8870304822921753
0.7981504201889038, 1.308728575706482
0.239699125289917, 1.1089996099472046
-0.5093719959259033, 0.9775427579879761
0.8443847298622131, 0.14877447485923767
-0.7057948708534241, 0.2510717809200287
0.4295160472393036, 0.6057673692703247
-0.04996958374977112, 0.745569109916687
0.7171096205711365, 1.1428192853927612
0.29305312037467957, 2.161470651626587
-0.7457790970802307, 2.030764102935791
0.5520821809768677, -0.35994669795036316
-0.04635940492153168, 1.1248313188552856
-0.01049269363284111, 0.44000759720802307
0.6662636399269104, 0.9425085186958313
-2.3943700790405273, -0.2545718252658844
0.003172605764120817, -0.5231243371963501
1.2571889162063599, 2.990370273590088
-0.11491398513317108, 0.9387791752815247
-0.20330530405044556, -0.5382667183876038
0.41347697377204895, 1.6172566413879395
-0.33507150411605835, 0.6773881316184998
-0.3285796344280243, 2.0656275749206543
-0.9275782108306885, 0.3809647858142853
-0.7956441044807434, -0.3257558345794678
1.78151273727417, -0.4941257834434509
-0.8179031014442444, -0.4080554246902466
-0.503422200679779, 0.9568984508514404
-0.6130666136741638, 1.4489400386810303
0.19791953265666962, 0.8098700642585754
-0.3785497844219208, 1.0482653379440308
0.08237192034721375, 0.04626253619790077
0.004841604735702276, 1.2291886806488037
-1.0498676300048828, -0.4715929329395294
-1.285089135169983, -0.34466221928596497
-0.982835054397583, 1.7492036819458008
-0.9433597326278687, 0.7245998978614807
-1.2780755758285522, 1.6518385410308838
0.18020573258399963, 0.7466918230056763
0.7036412358283997, 0.8428741693496704
-0.45557641983032227, -0.13591916859149933
0.023418337106704712, -0.11007992923259735
0.017563752830028534, -0.08255994319915771
-0.41263601183891296, 0.9027038216590881
-0.6811702847480774, 0.3988136351108551
-0.2763144075870514, -0.4895130395889282
0.7657317519187927, 0.07421931624412537
0.9438835382461548, 0.9280857443809509
-0.7407081723213196, 0.20810860395431519
-0.334513783454895, 0.7232938408851624
-0.9074289798736572, 0.1999821960926056
0.2977960407733917, 0.026267407462000847
-0.3772410452365875, -0.784216582775116
-0.08110117167234421, -0.006632967386394739
-0.27358436584472656, 0.5148019790649414
-0.5993072986602783, -0.34071484208106995
-0.4121776521205902, -0.7021018862724304
0.15914922952651978, 0.5689752101898193
1.0285309553146362, -1.264906406402588
0.3739228844642639, -0.46191638708114624
0.5849917531013489, -0.9656314253807068
0.8334426879882812, 0.5142953991889954
0.4795945882797241, 1.5521965026855469
0.45761314034461975, 1.3341975212097168
-1.5514827966690063, -0.29014140367507935
0.2896064221858978, 0.32047224044799805
0.5246759653091431, 0.3135659396648407
-0.03385069593787193, 0.6627074480056763
-0.9882278442382812, 1.0892648696899414
1.1952080726623535, 1.519732117652893
-1.0731881856918335, 0.5740907788276672
-1.085012674331665, 0.12345939129590988
0.3939487636089325, 2.400161027908325
0.17962588369846344, 0.11265912652015686
2.0835845470428467, -0.12862186133861542
-0.5305386185646057, -0.13804391026496887
-0.6800042986869812, -0.12395235896110535
-0.6828300356864929, -0.052522383630275726
0.4132009446620941, 0.8288999795913696
-0.9009737968444824, -0.6689608097076416
-0.9927189946174622, -0.2706843912601471
0.14903534948825836, 0.29573872685432434
-0.4726146459579468, -0.59447181224823
-0.3184099793434143, 0.8412541151046753
-2.220702886581421, 0.9604148864746094
-1.3866382837295532, 1.2512004375457764
-0.7692859768867493, 1.4346083402633667
-0.9881517887115479, 0.25195443630218506
1.1403475999832153, -0.14240972697734833
1.5241962671279907, -0.9830657243728638
0.42412447929382324, -0.21942444145679474
-0.5583580136299133, -0.07037065923213959
0.4240737557411194, 1.5760972499847412
-0.29669949412345886, -0.13931076228618622
0.4458214044570923, 0.36741870641708374
-0.12215331941843033, 1.5350489616394043
-1.1621191501617432, -0.12320727109909058
0.31307414174079895, 1.2949879169464111
-0.47491735219955444, -0.20524491369724274
0.2893126606941223, 0.28400322794914246
-0.6805959939956665, 0.4800816476345062
-0.5232287645339966, 0.7707022428512573
0.6268638968467712, -0.2823890745639801
-0.8359377384185791, 0.45905739068984985
0.32464131712913513, 1.0997629165649414
0.03515108302235603, 1.0024751424789429
-0.35051682591438293, -0.04192076995968819
-0.4107418656349182, 0.5876920223236084
0.8091427087783813, -0.43911686539649963
-0.3084067702293396, 1.9279226064682007
0.36217233538627625, 1.3192368745803833
-0.6047031879425049, 0.29756078124046326
0.16936130821704865, 1.2627288103103638
-0.2104227989912033, 0.4164910912513733
0.08018359541893005, 0.26775285601615906
0.08018359541893005, 0.26775285601615906
0.24055078625679016, 0.8032585382461548
0.7400220036506653, -1.6845753192901611
1.093453049659729, 0.7602733969688416
-0.02809939906001091, 1.299847960472107
0.10682444274425507, -1.544090986251831
-1.163649559020996, -0.44742390513420105
0.19739338755607605, 1.101457953453064
-0.22965317964553833, 0.20113159716129303
0.20401595532894135, 0.5647059679031372
-0.006263953633606434, 1.442427635192871
-0.49242252111434937, 0.09775594621896744
-0.11022277176380157, 0.7064897418022156
-0.0868050754070282, 0.5400205850601196
0.52046799659729, 0.3728729486465454
0.09676147997379303, -0.17907068133354187
0.5711523294448853, 0.7813665270805359
-0.46302247047424316, 0.09626344591379166
0.307043194770813, 0.45862331986427307
-0.49242252111434937, 0.09775594621896744
0.23994030058383942, 0.832180917263031
0.4260018467903137, 0.5941948294639587
0.11955548077821732, 0.4942876696586609
0.14467957615852356, 0.2835935354232788
-0.4918113350868225, 0.09375239163637161
0.22776304185390472, -0.12700162827968597
-0.5790705680847168, -1.8460530042648315
-0.8388395309448242, -0.09454387426376343
0.26928675174713135, 1.298223853111267
-0.49242252111434937, 0.09775594621896744
-0.49242252111434937, 0.09775594621896744
-0.49242252111434937, 0.09775594621896744
0.20825468003749847, 0.21842239797115326
-0.49242252111434937, 0.09775594621896744
0.17434555292129517, 0.6212571859359741
-0.053759846836328506, -0.13234378397464752
0.6013784408569336, 0.3319912254810333
0.1658177524805069, -0.263149231672287
-0.49242252111434937, 0.09775594621896744
-0.49242252111434937, 0.09775594621896744
-0.14373932778835297, 0.15418235957622528
0.7919163703918457, 1.2250120639801025
-0.49242252111434937, 0.09775594621896744
-0.07864203304052353, 0.7973495125770569
0.6644840836524963, 0.3624214828014374
0.7835255265235901, 1.086379885673523
-0.7886253595352173, 0.22486357390880585
-0.10130582749843597, 0.5370047688484192
-0.4918113350868225, 0.09375239163637161
-0.49242252111434937, 0.09775594621896744
0.7187151312828064, 0.9795802235603333
0.5334849953651428, -0.06865796446800232
-0.49242252111434937, 0.09775594621896744
-0.49242252111434937, 0.09775594621896744
-0.12569861114025116, 0.08076826483011246
-0.49242252111434937, 0.09775594621896744
-0.31476694345474243, 0.9502882957458496
0.4122437536716461, 2.0921008586883545
0.4449074864387512, 0.8147096037864685
-0.3331184387207031, 0.19425982236862183
0.6375253200531006, 1.0654925107955933
-0.49242252111434937, 0.09775594621896744
-0.47421690821647644, 0.12192001938819885
0.5363302826881409, 0.27752378582954407
0.2451115995645523, 0.4228455126285553
0.2684086263179779, 0.45198604464530945
-0.0514783039689064, 0.3443904519081116
0.7239616513252258, 0.06934420019388199
0.4749523401260376, 0.49268049001693726
-0.0996866449713707, 0.6929092407226562
0.21445950865745544, -0.6869094967842102
-0.08494558185338974, -0.2796168625354767
-0.17905659973621368, -0.6258516907691956
1.0244461297988892, 0.8273137211799622
0.6607820987701416, 1.2994006872177124
-0.4670338034629822, -1.0157233476638794
1.2111504077911377, 0.6036142110824585
-0.49242252111434937, 0.09775594621896744
-0.49242252111434937, 0.09775594621896744
0.00692857475951314, -1.0537775754928589
-0.33727121353149414, -0.5960459113121033
-0.9188635945320129, 1.2868294715881348
0.16630470752716064, -0.7689979076385498
1.2302448749542236, 0.6741988062858582
-0.2611037790775299, 0.7380450367927551
-0.5198033452033997, 0.7724870443344116
0.15120287239551544, 1.3274662494659424
-0.9779059886932373, 0.5093297958374023
-0.22204647958278656, 0.6528338193893433
0.9405137896537781, -0.022306250408291817
1.459130883216858, 0.8249562978744507
-0.019167926162481308, 1.1002804040908813
2.176898241043091, 1.1820913553237915
1.1691133975982666, 2.102947473526001
-0.3564099371433258, 0.956210732460022
-0.8864511847496033, 0.9825229644775391
0.10726192593574524, 0.16611558198928833
-0.4246436059474945, 0.9658026099205017
-1.0575717687606812, -0.9032130837440491
-0.3203960955142975, 1.0286380052566528
0.1393066793680191, -0.048444394022226334
-0.45049670338630676, 1.5910815000534058
-0.23903973400592804, 0.3208959102630615
-1.1077556610107422, 0.1616736799478531
0.06580115854740143, 0.1917324960231781
-0.35855960845947266, 0.4813438653945923
-0.6934247612953186, 0.6461039781570435
-1.387603759765625, -1.3313429355621338
0.20205096900463104, 0.14542625844478607
-0.016258426010608673, 1.5705033540725708
0.4019608795642853, 0.3734378218650818
0.3884200155735016, 0.559155285358429
0.39861583709716797, 0.3330365717411041
-0.6969197392463684, -0.13421399891376495
-0.5749845504760742, 2.3710129261016846
0.02841503918170929, 0.9062175154685974
-0.05623283237218857, 2.460543155670166
0.252299040555954, -0.01302400603890419
-0.2620179057121277, -0.4780341386795044
-0.014010561630129814, 0.33443838357925415
-0.4297037422657013, -0.042416755110025406
-0.14621686935424805, 0.13218025863170624
-0.2363695204257965, 0.735042929649353
-0.8719257712364197, 1.1976346969604492
-0.09206672012805939, 0.07879743725061417
0.08720696717500687, 0.1458345353603363
-0.7157461643218994, 1.079155683517456
-0.34822994470596313, 1.3177238702774048
-0.688347339630127, -0.23043721914291382
-0.3042922616004944, 0.47235482931137085
-1.2586321830749512, -0.8646984100341797
-0.9358021020889282, -0.07847706973552704
-1.5137540102005005, 1.5208418369293213
0.36715641617774963, 0.6803282499313354
-1.7666860818862915, 0.9063371419906616
-0.20634698867797852, 0.9221104383468628
0.06500020623207092, 1.313941478729248
0.2454133778810501, 0.8281515836715698
-0.9379307627677917, 0.6441924571990967
1.1595531702041626, 1.5773488283157349
-0.2751293182373047, 1.2294806241989136
0.018927237018942833, 1.3290537595748901
-0.29316142201423645, 0.1472535878419876
0.5773876905441284, 0.6061285734176636
-0.20634698867797852, 0.9221104383468628
-0.2751293182373047, 1.2294806241989136
-0.22263191640377045, 0.7440703511238098
-0.13756465911865234, 0.6147403120994568
0.06435596942901611, 1.5984519720077515
-0.1874932050704956, 2.09920597076416
0.5124849677085876, 0.655238687992096
-0.06486537307500839, 0.045382581651210785
-0.0016895353328436613, 0.4697747230529785
0.7356008291244507, -0.2546803057193756
-0.2234576940536499, 0.7987908124923706
-0.7837586998939514, -0.6130213737487793
-0.042442552745342255, 0.0742102637887001
0.29539600014686584, -0.5254722237586975
0.016668908298015594, 0.4628170132637024
-0.5441192984580994, -0.0988255962729454
-0.9850082397460938, 1.548549771308899
-0.10508325695991516, 1.250739574432373
0.10768350213766098, 0.1403876394033432
-0.24146881699562073, 1.3343751430511475
-2.2371132373809814, 1.0962862968444824
-0.45913824439048767, 0.6023484468460083
-0.03311794996261597, 0.5522304773330688
-1.3286349773406982, -0.30502647161483765
-0.24667826294898987, 0.6242563724517822
-0.29455259442329407, 0.5453178286552429
-0.11478456109762192, 0.15058711171150208
0.5015381574630737, 0.004345251712948084
0.4986782371997833, 0.9828435182571411
-0.8085985779762268, 0.3243892788887024
-0.7072620987892151, 0.44114255905151367
-0.5920350551605225, 0.7687022686004639
-0.11478456109762192, 0.15058711171150208
-0.7345677614212036, 0.4458492398262024
-0.44343793392181396, -0.019411830231547356
-0.26292896270751953, 0.7634623050689697
-0.45913824439048767, 0.6023484468460083
0.3007681369781494, 2.145014762878418
-0.5739228129386902, 0.752935528755188
0.06624164432287216, 0.6374471783638
0.059653591364622116, 0.2208845019340515
0.7843621969223022, 0.20433452725410461
0.12461165338754654, 0.36319389939308167
0.346468061208725, 0.11577798426151276
-0.040571894496679306, 1.366463541984558
-0.047132235020399094, 0.693652868270874
-0.7849079370498657, 0.4473626911640167
-0.5682514309883118, -0.9513111710548401
0.17757047712802887, 0.4017358124256134
-0.15893957018852234, 0.11112774908542633
1.4616109132766724, 1.475746750831604
-0.6175172924995422, 0.3985857665538788
0.6536117792129517, 0.8183419108390808
-0.1541733741760254, 0.48132944107055664
-0.6674530506134033, 0.24200892448425293
-0.16219750046730042, -1.036792516708374
-1.4414399862289429, 0.5442705750465393
-0.49142876267433167, -0.40343427658081055
-0.36857157945632935, -0.3025757074356079
-0.3806042969226837, 0.30777254700660706
0.45604363083839417, -0.4326559901237488
0.6103846430778503, 1.7429165840148926
0.3378841280937195, 0.5887445211410522
0.6474456191062927, -0.2446821928024292
-0.0628959983587265, 0.5895931124687195
1.02158522605896, 0.15891364216804504
-0.20949281752109528, 0.8261844515800476
0.018907474353909492, 1.3423774242401123
0.06079009547829628, 0.5340932607650757
-0.15928779542446136, 0.751072883605957
-0.09514331072568893, -0.3233003318309784
0.5919800400733948, 1.2372045516967773
0.005737817380577326, 1.7906080484390259
0.3980009853839874, 0.5011022090911865
-0.035054922103881836, 0.8058147430419922
-0.28190380334854126, -0.11014246195554733
-0.7246352434158325, -0.5774787664413452
0.06368359178304672, 0.5679229497909546
0.1098514199256897, -0.011072885245084763
-0.3687186539173126, 0.5845755934715271
-0.5233195424079895, 0.03789559751749039
-0.4292166829109192, 0.48901069164276123
-0.429696649312973, -0.06731968373060226
0.09170164167881012, 0.1360108107328415
-0.429696649312973, -0.06731968373060226
0.037231672555208206, 0.5649870038032532
-1.2890900373458862, -0.2019590586423874
0.19400660693645477, 0.12796860933303833
0.1758601814508438, 0.05254844203591347
1.6395924091339111, 0.8761071562767029
-1.718786597251892, -0.26927873492240906
0.8779987692832947, 0.5055942535400391
-0.7019858956336975, 0.20400987565517426
-0.429696649312973, -0.06731968373060226
1.7284164428710938, 1.0991631746292114
-0.429696649312973, -0.06731968373060226
-0.5424036383628845, 0.38699808716773987
-0.429696649312973, -0.06731968373060226
-0.429696649312973, -0.06731968373060226
-0.429696649312973, -0.06731968373060226
-0.429696649312973, -0.06731968373060226
-0.429696649312973, -0.06731968373060226
-0.429696649312973, -0.06731968373060226
-0.429696649312973, -0.06731968373060226
-0.429696649312973, -0.06731968373060226
0.1456538885831833, 1.2017042636871338
-0.429696649312973, -0.06731968373060226
0.3573383092880249, 1.0003726482391357
-0.429696649312973, -0.06731968373060226
-0.429696649312973, -0.06731968373060226
-0.429696649312973, -0.06731968373060226
-0.429696649312973, -0.06731968373060226
-0.429696649312973, -0.06731968373060226
0.6774449348449707, 1.435758352279663
-0.429696649312973, -0.06731968373060226
-0.36317944526672363, -0.19556887447834015
1.297468900680542, 0.9520211219787598
-0.36317944526672363, -0.19556887447834015
0.7109796404838562, 1.314916968345642
0.43773984909057617, 1.463450312614441
0.3883282542228699, 0.3579106330871582
0.10295754671096802, -0.012445583008229733
-0.17379428446292877, 0.20736466348171234
1.4032155275344849, 1.3186959028244019
0.10761758685112, 0.7793134450912476
-0.445706844329834, 0.9003317952156067
0.0294993594288826, 0.2981308698654175
0.1456296145915985, 0.7774774432182312
-0.3830130100250244, 0.3085881173610687
0.2586754858493805, 0.17062482237815857
-0.6612938046455383, 0.8821229338645935
0.09639256447553635, 0.1377316415309906
0.12604855000972748, 0.944552481174469
-0.48166099190711975, -0.2339058369398117
-0.08442593365907669, -0.005009572487324476
-0.23546309769153595, 0.7186084985733032
-0.09835191071033478, 0.2878668010234833
-0.7712696194648743, 0.2458050400018692
-0.463641494512558, -0.09361051768064499
0.36685967445373535, -0.16359388828277588
1.0030183792114258, 0.2992960214614868
0.17468121647834778, 0.8872820734977722
-0.43099483847618103, 0.6262637376785278
-0.057117968797683716, -0.06769758462905884
-0.2098120152950287, 0.3669213056564331
-0.9274975657463074, 0.06479855626821518
0.010837308131158352, -0.04286002740263939
0.7942883968353271, 1.406295657157898
-0.28265973925590515, 1.0911768674850464
-0.2400326430797577, 0.16163575649261475
-0.4800652861595154, 0.3232715129852295
-0.20337001979351044, -0.03446501865983009
-0.17192736268043518, 0.4922032356262207
0.18029151856899261, 1.4341901540756226
0.6429244875907898, 0.5269489884376526
0.6677541136741638, 0.9093401432037354
-0.035054922103881836, 0.8058147430419922
-0.02336994744837284, 0.5372098088264465
-0.035054922103881836, 0.8058147430419922
-0.45466238260269165, 1.6345473527908325
-0.035054922103881836, 0.8058147430419922
-0.035054922103881836, 0.8058147430419922
-0.04673989489674568, 1.074419617652893
0.5618597865104675, 2.199594497680664
-0.28490033745765686, -0.19352322816848755
-0.04673989489674568, 1.074419617652893
-0.3649635314941406, 0.42374029755592346
-0.02336994744837284, 0.5372098088264465
-0.035054922103881836, 0.8058147430419922
-0.04673989489674568, 1.074419617652893
0.29775696992874146, 0.04668961837887764
0.47502401471138, 0.46515414118766785
-0.11011727154254913, 0.13282281160354614
0.23917485773563385, 0.7478282451629639
-0.37708818912506104, 0.136200413107872
0.24375678598880768, 0.8238551616668701
0.07043428719043732, 0.0025091716088354588
-0.5887869000434875, -0.2079506814479828
-0.26702600717544556, -0.13293805718421936
0.3070964813232422, 0.7615631222724915
-0.26702600717544556, -0.13293805718421936
-0.40053901076316833, -0.19940708577632904
-0.40053901076316833, -0.19940708577632904
-0.04814895987510681, 0.043219782412052155
-0.24012869596481323, 0.17455489933490753
-0.28582170605659485, 0.6139393448829651
0.09966976940631866, 0.6388195157051086
-0.19092102348804474, 0.3298835754394531
-0.03086630068719387, 0.15704582631587982
-0.09259890019893646, 0.47113746404647827
-0.06173260137438774, 0.31409165263175964
-0.30859795212745667, 0.16266871988773346
0.32252463698387146, 0.3633594214916229
