-0.2524261102080345, 0.4112294316291809
-1.7868174277245998, 1.435323253273964
-0.8313295543193817, 0.09025487303733826
-2.55482479929924, 3.3726249802857637
0.14377352595329285, -0.736962765455246
-2.283802881836891, -0.4298199713230133
-1.9229961037635803, -1.2950050458312035
-0.39439742639660835, -0.682673366740346
-1.9222962260246277, 2.8779889345169067
-1.3799060583114624, 0.21247059851884842
-0.7104147477075458, 0.3531605117022991
-0.8219583705067635, 0.8728353679180145
-1.9010052308440208, -0.720168948173523
-1.0703742653131485, -0.08996540307998657
-0.10828819870948792, 2.0662020295858383
-1.3825342059135437, 0.3704815227538347
-0.3277772720903158, 2.394889287650585
-0.10861378908157349, -0.06503413617610931
-5.655484557151794, 0.34409086406230927
-4.322447419166565, 0.4462231807410717
-0.9628709428943694, 0.5132361948490143
-1.7625354453921318, -0.10873667895793915
-0.952884778380394, -0.7205564251635224
-1.2217637449502945, 1.298512247391045
0.14277807995676994, 0.8669807743281126
-0.909026026725769, 0.4790074750781059
-0.19386625289916992, 3.8121513687074184
-0.8042162507772446, 0.5191325396299362
-0.9836793392896652, 1.43324413895607
-0.3486930876970291, -0.21317997574806213
-0.8083499930799007, 0.36308668553829193
-1.1353371441364288, 1.102260947227478
-1.271111324429512, 0.05668140947818756
-0.720606729388237, -1.2899886965751648
-1.1355530321598053, 2.393666297197342
-0.9060132503509521, -0.07025852799415588
-0.7440545558929443, 2.0475271493196487
-0.9962818175554276, 2.277325600385666
-3.136077232658863, -0.030272066593170166
0.5198926255106926, 0.08822538331151009
-0.9537847638130188, -0.9398599565029144
-2.4177326187491417, 0.617045670747757
-1.1701602935791016, 0.6767048956826329
-1.8821769636124372, -0.8679738119244576
-0.5873236656188965, -0.04209984838962555
-2.7484653294086456, -0.6656935662031174
-0.5242823958396912, 0.8901658952236176
-0.22367170453071594, -2.378195345401764
-0.7035934925079346, 0.49761079624295235
-2.8898746967315674, -0.8967925272881985
0.10067957639694214, -0.1501334309577942
-1.8794260770082474, 0.49452266097068787
-0.9724145829677582, 0.1832417994737625
-1.2685990259051323, 1.0936084389686584
-4.178183197975159, -3.3395133540034294
-1.394240215420723, -0.06125609949231148
-1.054198533296585, 1.4780371189117432
-0.05330449342727661, 0.7735889703035355
-0.5883211493492126, 0.24097412824630737
-1.4451460177078843, 0.4157492518424988
-1.2178950607776642, -2.354412078857422
-1.1374268531799316, -1.3019041940569878
-0.1820102990604937, 0.42483632266521454
-1.2587177902460098, -0.1447264850139618
-2.3057219237089157, 1.205129936337471
-1.4387797974050045, 2.022610515356064
-1.1371804773807526, 2.425896931439638
-1.1851973682641983, 3.228198617696762
-0.9099193699657917, 2.0896088778972626
-1.495720386505127, 0.5961325615644455
-1.164273053407669, -1.1422407031059265
-0.16617995500564575, 1.7231305576860905
-0.7797111570835114, -1.5770630296319723
-0.5839723199605942, 0.285688403993845
-0.7583729326725006, -0.8107929229736328
-0.8846428263932467, 0.25618618726730347
-1.1415603756904602, -0.835764616727829
-0.33750542998313904, 5.461914837360382
-1.8546149730682373, -0.7140731960535049
0.6198567003011703, 1.476750910282135
-0.6927346736192703, 0.8461581468582153
-1.8812723830342293, 0.912493072450161
-1.7524479739367962, -0.2845298647880554
-2.746640831232071, 0.9825107306241989
-1.3526275753974915, -0.2578321173787117
-0.8444533348083496, 2.575949400663376
-1.936745923012495, 0.19175907969474792
-1.05253666639328, 3.3788574784994125
-0.4949067533016205, -0.03877812623977661
-2.342060179449618, -0.2880247011780739
-1.0572357028722763, -0.39317112416028976
-0.8537487909197807, 0.3919658064842224
-2.109875053167343, -0.7840179204940796
-1.0267550945281982, 0.3770642876625061
-0.9160076007246971, 0.9631498008966446
-0.14361828565597534, 2.3175163120031357
-2.3709429316222668, -3.1077249348163605
-0.23347553610801697, -2.7794240787625313
-0.47069430351257324, 0.22553545236587524
-1.4593685218133032, -0.6012204550206661
-0.8580002058297396, 0.08254916965961456
-1.132518731057644, 0.0022590309381484985
0.7361904457211494, 1.6700736582279205
-1.9837928265333176, 0.02157062292098999
0.7594543918967247, 2.566341906785965
-1.5604826211929321, -0.16127459704875946
-0.13638126850128174, 3.4951535277068615
0.5968384146690369, 0.660694494843483
-1.1897205114364624, 1.433855339884758
-1.270698543637991, 0.3820301666855812
-1.4668307155370712, -1.10995215177536
-1.7510006949305534, 0.010893389582633972
0.6200655996799469, 1.3720086812973022
-0.5071298480033875, -3.8240617103874683
-0.03044414520263672, -0.97881019115448
-1.6732077896595001, 0.1378919780254364
-1.365916669368744, 0.5304720178246498
-1.0657148994505405, -0.014235436916351318
-1.7007945775985718, 1.2898527085781097
-2.356414094567299, 2.7073460519313812
-2.3449293822050095, 0.28037768602371216
-1.1196472197771072, 0.2660846710205078
0.05370122194290161, -1.43512424826622
-0.932510256767273, 1.6670293360948563
-3.291699081659317, -0.301071360707283
-3.0206740498542786, 0.6999337077140808
-4.905090615153313, 5.073537141084671
-0.7263268865644932, 0.5955942198634148
-1.7474264204502106, 1.316483199596405
-1.6450816094875336, 0.4228086806833744
1.1335241496562958, -1.5071828067302704
-0.4157799016684294, -1.5062187910079956
-0.821244589984417, -3.0419166684150696
-1.8486578222364187, -1.5420493558049202
-0.5664786994457245, 0.27756984531879425
-0.5085535645484924, 0.8955351263284683
0.31657435186207294, 0.6658222377300262
-1.195829525589943, -1.5773689448833466
-0.4581071734428406, 0.40029215812683105
-2.9361488111317158, -0.9815338030457497
0.19332754611968994, 0.5202607326209545
-1.5324074029922485, 2.0507079511880875
1.8985579013824463, 0.8429613411426544
-1.435570552945137, 0.26903530955314636
-1.13542802631855, -0.14677398093044758
-0.25432083010673523, 0.14409956336021423
-1.159061223268509, 1.3017562925815582
-1.6669291853904724, -3.7055475041270256
-0.9755766503512859, 0.7505979239940643
0.11196115985512733, 1.667031705379486
-2.006393611431122, 0.02559855952858925
-1.15383386798203, 0.8747747540473938
-0.5913054645061493, -0.6133587881922722
-0.3050410598516464, -0.7484988868236542
-2.2373573780059814, -1.87318754196167
-1.7771104350686073, -0.5076774172484875
-1.0846315063536167, 0.21251362562179565
-1.059855580329895, 0.2505938857793808
1.7877888679504395, 2.4731705263257027
-0.12286848574876785, 1.5084404051303864
1.5868644267320633, 1.8608205616474152
-0.5707483366131783, 1.7357273697853088
1.3417610749602318, 0.5002178773283958
-1.803376093506813, -1.1052649095654488
-2.879676654934883, 0.20000039041042328
1.1931137591600418, -1.601984053850174
-0.9359545409679413, -1.210404396057129
-2.243274211883545, 0.5837035030126572
0.029773280024528503, 1.708070456981659
-1.5717109739780426, -0.6746165230870247
-2.30492827296257, -1.4818626325577497
-0.5636529736220837, -2.2799918353557587
-1.978388786315918, -0.7922663688659668
-0.3742225244641304, 3.200156033039093
-3.027946315705776, 3.8495006561279297
0.41018250584602356, 1.0205426216125488
-0.4112511873245239, 0.8463908433914185
-1.9709364920854568, 0.4303421527147293
0.7415171563625336, 0.3245258927345276
-2.357696007937193, 2.0743126943707466
-0.5827976167201996, 0.7564017307013273
-2.8377640545368195, 1.471802607178688
-1.1368306931108236, 1.3431865274906158
-1.1346844285726547, 0.5914298743009567
0.2634570002555847, -1.5515798218548298
-0.9048608541488647, -0.5234512090682983
-1.1284570097923279, 1.6814973056316376
-2.4330254793167114, 1.685589537024498
-1.3145539462566376, -0.28897786140441895
-1.7982365787029266, 3.2656055837869644
-1.1796471383422613, -0.5119547247886658
-1.6501368768513203, 1.8606216460466385
-2.628129228949547, 1.595185399055481
-0.8361752331256866, 0.09270274266600609
-1.3719139397144318, -0.10595551133155823
-0.6665915697813034, 3.429206430912018
-2.544986069202423, -1.1171158850193024
-1.9825884997844696, -0.5042087286710739
0.9184540659189224, -1.9110809452831745
-1.7812290489673615, -0.1959981843829155
-0.2792595289647579, -0.5711084306240082
-0.2313861846923828, 3.71530944108963
-1.0342727974057198, 0.8051138892769814
-1.1276194043457508, 1.2983563616871834
0.6847877204418182, 1.130782276391983
2.414898991584778, 2.487496107816696
-1.4078428149223328, -0.28532914258539677
-4.189933627843857, -2.3102905554696918
-1.8555708229541779, -2.519610285758972
-1.2630831450223923, 0.6351415365934372
-0.9416998028755188, -1.2994420528411865
-4.022000089287758, 0.17153146816417575
-1.021601926535368, 0.30282339453697205
-0.7723456621170044, 1.1110660770209506
-2.3701989762485027, 0.24244731664657593
-0.31066974997520447, 0.17767666280269623
1.6184092592447996, -3.1014275290071964
-1.2283654659986496, 0.4357309192419052
-4.560021533630788, -1.2523465007543564
-3.585618406534195, 2.2415218874812126
-0.16113054752349854, 0.6337000982603058
-1.0841991156339645, 0.38831329345703125
-2.11687870323658, -0.7677243165671825
-2.0507052317261696, -0.500527411699295
1.5937141478061676, -0.992046445608139
0.1928691267967224, -0.29886837070807815
-0.2036023959517479, 1.620773084461689
0.532130166888237, 2.2115312218666077
-4.81972348690033, 3.068040955811739
-2.20645672082901, 2.771708235144615
-2.56810911744833, 5.242196753621101
-1.6887585008516908, 0.6886969730257988
-1.0624563843011856, 1.0103078354150057
-1.82814035192132, 0.12836828595027328
-1.612113319337368, -0.12665072083473206
-0.20830392558127642, 1.6478761434555054
-1.5965946316719055, 0.9426278918981552
-0.9219671040773392, 2.359325021505356
0.41883306205272675, -0.5421715527772903
-0.3300107568502426, 3.935960590839386
-4.280679494142532, 2.8023787662386894
0.2678731828927994, 1.8267340883612633
-0.8387346118688583, -1.2577383741736412
-0.9845548402518034, 1.146913904696703
1.0096846427768469, -0.6386760771274567
-0.9414394646883011, 1.3721565753221512
-2.9072899147868156, 1.61814546585083
0.4563499391078949, 1.3280175179243088
-0.7871658802032471, 1.2410956025123596
-0.18696518428623676, -0.2902623638510704
-1.489266723394394, 1.1438858360052109
-0.6066405475139618, -0.9797841012477875
-2.4664709717035294, 0.5110449641942978
-1.7830797284841537, -0.290571853518486
-0.5166655394714326, 1.7674376219511032
-1.081191435456276, 0.9339597672224045
-0.6496811509132385, -2.288880690932274
-4.670908689498901, -6.7527464628219604
-0.8044515699148178, -1.6479788944125175
-3.626224309206009, -0.970282169058919
-3.80411434173584, -0.19912132620811462
-0.9091487759724259, 0.7690188139677048
-1.9896824955940247, -0.449801791459322
-2.0808517802506685, 0.6508867144584656
0.5922890584915876, 3.150923639535904
-1.9704989716410637, -1.6067715659737587
-0.7559216618537903, -0.049454301595687866
-0.6741324365139008, -0.5592880100011826
0.060707670636475086, -0.9076948314905167
-1.986408844590187, 2.2903253734111786
-1.6405653413385153, 0.7780606299638748
-0.5143006935250014, -0.9443005174398422
0.26184365153312683, -1.06188153475523
-1.0928940773010254, 0.692540779709816
-1.6422775983810425, -0.006088871508836746
-0.9165834225714207, -0.15306437015533447
0.3899810127913952, 2.153503715991974
-0.7477354109287262, -3.038438603281975
-0.6190255284309387, 1.5899764150381088
-0.3464365126565099, 1.1924600303173065
-0.48037874698638916, 1.8329949975013733
-2.905336122959852, -0.9794071912765503
-2.039604067802429, 0.5266538262367249
0.004654553544241935, 1.0930455029010773
0.5829381942749023, 1.280913319438696
-1.948762834072113, 1.9541557133197784
-1.8457371294498444, 0.5020501725375652
0.09831425407901406, 1.417484238743782
0.4727776497602463, -2.069755047559738
-1.4881992042064667, 0.07503131777048111
-0.519589751958847, 0.038653284311294556
-1.1326988711953163, 0.07474803924560547
-1.473358429968357, -0.17549580335617065
-1.1709057167172432, 0.7905256450176239
-1.5639097690582275, 0.7042582258582115
-2.0557680632919073, 0.0437755212187767
-0.673901230096817, 0.6280755698680878
-1.5977166891098022, 0.34863750264048576
-1.030889343470335, 1.160222738981247
-0.06618434190750122, 1.097335048019886
-0.22365395724773407, -0.09814387559890747
-0.8189089298248291, -1.0714974105358124
-1.0808388218283653, 0.33865705132484436
-0.010029911994934082, 1.676970899105072
-0.5933102816343307, 0.9246384643483907
0.5100822597742081, 0.48759886622428894
-0.817301731556654, -0.8061171993613243
-0.3711530826985836, 0.44469109177589417
-2.9524751529097557, -2.731667250394821
-1.2674434185028076, -2.194570353254676
-1.895523339509964, 0.2119101993739605
-2.628239721059799, 0.17467718757689
-1.5380330085754395, -0.6973433643579483
-0.709948867559433, 0.2750040590763092
-0.5194894671440125, -0.39474598318338394
-2.0781082808971405, 1.4368690848350525
-3.46882164478302, 0.9270621985197067
-1.3817466869950294, 1.7176348343491554
0.1394479125738144, 0.09257225692272186
-0.8623489141464233, 0.33565910160541534
-1.754960186779499, 0.6522110998630524
-0.46006428450345993, 0.9627948254346848
-1.0089645236730576, 0.8969094101339579
-0.8026666436344385, 2.4611343443393707
-1.3256493285298347, -0.7832329049706459
-4.524626970291138, -0.7210634276270866
-1.0647024810314178, 0.3688502311706543
-0.9081129319965839, -0.3059336394071579
-0.5324943959712982, 1.049534633755684
-1.4290612936019897, 1.187006652355194
0.5173084922134876, -0.3873694837093353
-0.7952148802578449, 0.8470859322696924
-2.5541709065437317, 1.054021492600441
-1.2676206938922405, 0.5080126076936722
2.29915714263916, 6.160954296588898
-0.21783789992332458, 0.752744946628809
-2.8260508198291063, 1.830467477440834
-0.7382022142410278, 0.005479872226715088
-0.7720564901828766, -0.5001658499240875
-1.518245443701744, -1.1000407934188843
-3.5402531316503882, 1.546232134103775
-0.013501484878361225, 0.08396002650260925
-1.1760753560811281, 0.38662583380937576
-1.2280204258859158, 0.41448086500167847
-0.9544882550835609, 1.1221154257655144
-0.7281547784805298, -1.0110021382570267
-0.8527873605489731, 1.6464571058750153
-0.6737446784973145, 1.314739152789116
0.6024933457374573, 0.27802200615406036
-0.8037879765033722, -0.6270076036453247
-1.9241741001605988, -1.3558573946356773
-0.7720922268927097, 0.8578072339296341
-0.02069401741027832, 1.0156194120645523
-0.6034843921661377, 0.16007985174655914
-0.14691776037216187, 1.6907253228127956
-0.10227945446968079, 2.4999267905950546
-1.2822665236890316, 1.1325023472309113
-1.738670825958252, 1.5343959331512451
-2.766655959188938, 0.44442690908908844
-1.2332068979740143, 0.9530785381793976
-1.969466507434845, 0.3006857633590698
0.17418690770864487, 0.4488021731376648
0.44612301513552666, 0.13933241367340088
-0.5155776105821133, 0.6288617327809334
0.2714304178953171, -1.430096011608839
-1.1735289469361305, -0.07689957320690155
-0.6995197162032127, 0.6067696586251259
0.15025126934051514, 3.639801800251007
-0.6696791835129261, -0.44276466220617294
-2.26508004963398, -0.40207414515316486
-1.334296740591526, -0.43012984097003937
-2.1545432209968567, -0.8267693668603897
-1.8033963069319725, 1.6021865010261536
-1.5480412989854813, 0.6716309189796448
-2.8733533918857574, -0.2297717034816742
-0.9350386559963226, 0.9366999715566635
-2.915724828839302, 0.19422242045402527
-1.359100230038166, 0.569363459944725
-1.0382340922951698, 0.4770333915948868
-0.85169617831707, 0.48734845221042633
-1.6674387566745281, -0.8040074855089188
0.9753893837332726, -0.4967395067214966
-0.9071357492357492, -0.2958248108625412
-0.8461269438266754, 1.4431506246328354
-0.3145018331706524, -0.0958944708108902
-0.5571265704929829, -0.183414489030838
-0.26419612765312195, -1.088948242366314
-2.4799063205718994, -0.08960933983325958
-1.1527677029371262, -0.397812083363533
-1.7178777977824211, 1.4250534400343895
-0.4631202444434166, 0.5926949381828308
-1.5034506916999817, 0.3375034034252167
-0.6431354722008109, 0.3143438883125782
-0.839993990957737, 0.2879287600517273
-1.49424047768116, -0.9431650545448065
-0.7551426887512207, -1.402155265212059
-1.8890052288770676, -0.0771767795085907
-2.0344503670930862, 0.5162112563848495
-0.7582726627588272, 1.3285111784934998
-0.47396740317344666, -0.984125018119812
-1.3851107470691204, 1.2691532298922539
-1.9287921637296677, 0.9961800128221512
-2.9920234233140945, 3.2021802812814713
-1.190657839179039, 0.5645087212324142
-1.2126232217997313, -0.19847478345036507
-1.444223053753376, -0.5557389855384827
-0.6901305047795177, 0.1453156042844057
-1.252809226512909, 1.66002856194973
-1.2049624621868134, -0.3031824827194214
0.4615367352962494, -1.5662917643785477
-2.4719149880111217, 0.7524495869874954
-0.5593762248754501, 1.3895082771778107
-3.210510104894638, 0.4922473728656769
0.056025534868240356, 1.6962794661521912
-1.204090405255556, 1.483399212360382
-1.5126655548810959, 0.3852974995970726
-1.0308879162184894, 0.823798406869173
-2.0287513732910156, 4.610332727432251
-1.0176783688366413, 1.8273352235555649
-0.41824132204055786, 1.061291143298149
-0.263572096824646, 0.13855677843093872
-1.0352720022201538, 0.975407212972641
-1.8770955950021744, 0.8542567044496536
-0.9118431508541107, 0.24726566672325134
0.030447937548160553, 0.4419346824288368
-1.8414484560489655, -0.5676341312937438
-2.2617318630218506, -0.05607727076858282
-1.380254328250885, 0.9206283893436193
-1.0931091830134392, 0.8286578208208084
-2.109509952366352, -0.7886775862425566
-3.589390806853771, 0.6221653446555138
0.1131147500127554, 3.4740758538246155
-3.215007372200489, 2.415454089641571
-1.1538553833961487, 2.8341224044561386
-0.4414646625518799, 0.49000836722552776
0.5997974425554276, 1.4173623882234097
-1.4016633331775665, -0.41384340822696686
-2.126773986965418, -0.4668244421482086
0.7184759899973869, 1.3870721459388733
-1.8437125198543072, 1.4188553094863892
-1.6091514378786087, -1.6057796254754066
-0.2703341767191887, 1.0310846865177155
-2.894935965538025, 0.7358808815479279
0.11046777293086052, -0.9371624952182174
-0.6812008544802666, -0.5962225496768951
-0.4886237606406212, -9.425431489944458E-4
-1.4942694529891014, 0.4474000930786133
-1.892702117562294, -0.27447327971458435
-0.47334107756614685, 1.1649187505245209
-1.6283638179302216, 0.285365991294384
0.1850566416978836, 0.8166648894548416
-1.725772961974144, -1.7048754580318928
-0.21526329219341278, 1.3481567241251469
-1.2671530842781067, -0.1642298810184002
-1.6630140990018845, 0.2079736441373825
-0.9731314182281494, -0.0232551246881485
-1.633138284087181, 0.12061432003974915
-0.6905009895563126, 1.669020414352417
-2.2741508185863495, -0.5827221795916557
-1.0670399194350466, 0.765727311372757
0.1891019493341446, 1.6678223013877869
-0.8673592805862427, 2.457431375980377
-0.9575737863779068, 1.357353582046926
-1.2054865956306458, 1.3130492269992828
0.20062576234340668, 0.06308348476886749
0.092629075050354, 0.5473213493824005
0.9687903523445129, -1.086468443274498
-1.3845328837633133, -0.34983402490615845
-1.851473581045866, -0.3241819478571415
-1.7571893110871315, 1.8387660905718803
0.7292848229408264, 6.225570195354521
-0.5248917303979397, -0.3125019967556
-0.19415268301963806, 1.9493252038955688
-0.6741269752383232, -0.6773146698251367
1.8078594505786896, 1.643221914768219
-1.0656987875699997, 1.5316101349890232
-0.23395203053951263, 1.7872787415981293
-0.46194009482860565, 1.8899535611271858
-1.8866210281848907, -0.1977684237062931
-0.8428177237510681, 0.5591591335833073
-1.707767367362976, 0.6129932105541229
0.1969497948884964, 1.1547147445380688
-1.7181595638394356, 0.4115293435752392
-2.430552989244461, 0.45502012223005295
-2.9127891808748245, 1.0213171280920506
-1.5687685161828995, 0.9061523079872131
-1.5008676946163177, 0.46750545501708984
-1.3939402252435684, 0.3050663098692894
-0.8968527913093567, -1.9481662055768538
0.4670468866825104, -2.337851632386446
-3.264270603656769, -2.115564376115799
0.89967180788517, -2.130184691399336
-1.313851609826088, -0.9296755641698837
-0.42342886328697205, -0.26367577351629734
-0.7855887040495872, -0.7059749215841293
-0.037644028663635254, -0.628113716840744
-1.0641224831342697, -0.17615878582000732
-0.0956958532333374, -0.8497660607099533
-0.8377294652163982, 0.1148589551448822
-0.3707258626818657, -0.12682291865348816
-0.1588585190474987, 0.880925518926233
-1.2445303425192833, -0.33776680566370487
-2.0083712488412857, -1.181612517684698
-0.6081447154283524, 0.7645862102508545
-2.930129572749138, 0.6506400965154171
-1.599354773759842, -1.070164617151022
-0.7069383859634399, -0.5775323286652565
-2.0132507234811783, 0.09478090703487396
-1.8083560951054096, 1.2992556877434254
-1.0768950879573822, -0.3257363736629486
-3.250497728586197, 3.757748566567898
-1.4435002952814102, 0.6543014198541641
-2.993784636259079, 1.1730996966362
-1.714345782995224, 1.2920079678297043
0.7217612713575363, 1.8312389850616455
0.08798198401927948, 1.4559378325939178
-5.626031339168549, 2.7961705923080444
-0.36367821134626865, 0.40161167085170746
-0.4328811727464199, -1.1736043095588684
-2.0116025833413005, 1.2749955207109451
-1.0264563001692295, 1.0426980555057526
0.3043787479400635, 1.3981689512729645
-2.282763332128525, 1.384933352470398
0.08958306536078453, -0.2819606065750122
-2.2372536063194275, 2.324438262730837
-1.821081668138504, 0.8555499613285065
-1.411188080906868, -0.36160140484571457
-1.051230315119028, 1.0698525309562683
-1.4155715927481651, 0.5321299657225609
-1.400998331606388, 0.577346533536911
-3.768971413373947, -1.4516440331935883
-1.7797520756721497, 0.9259256171062589
-1.8080280274152756, -0.03564532287418842
-0.5621294155716896, 1.995261587202549
-2.1770113334059715, 0.7214820384979248
-2.53308841958642, 0.42457888275384903
-0.6216114796698093, -0.4268718510866165
-1.4225934650748968, -1.481628194451332
-2.881920039653778, 1.4880572408437729
-0.7412314116954803, -0.03622494637966156
-0.4880567342042923, 0.7948363423347473
-1.3232890060171485, -0.336367666721344
-0.792162761092186, 0.7599733024835587
-1.3925971984863281, 0.0535850003361702
-1.1525630205869675, 0.813046358525753
-1.9315534830093384, -2.580723389983177
-1.6075806617736816, -4.228222608566284
-0.7459015995264053, -0.031772758811712265
-1.8545072376728058, 0.31079911440610886
-1.433414712548256, 0.687052037101239
-0.2969650439918041, -0.9222881495952606
-0.6346535086631775, 0.533491674810648
-2.0735850036144257, 1.4300433248281479
-1.888254463672638, 0.7206616401672363
0.206342451274395, -0.7251938581466675
-0.36837779730558395, 1.0287477523088455
-3.2537751123309135, 0.22563235461711884
1.8052537366747856, 1.3612564206123352
-1.2634798251092434, 1.9974662810564041
-0.844933308660984, 0.3681008443236351
-1.042437270283699, -0.05667105317115784
-4.140472838655114, 2.347008317708969
-0.7139234393835068, 0.9040367174893618
-2.495513379573822, 1.52377038449049
-2.7869263030588627, 0.5342013835906982
-0.20311178267002106, -0.01632632315158844
-0.6571655422449112, -0.09958922863006592
-0.706601545214653, -0.02529139816761017
-1.4881622567772865, 0.39955073595046997
-5.2604604959487915, 1.1895072907209396
-1.1984491050243378, 1.8328060787753202
-0.25998878479003906, 1.484897404909134
-1.1521878279745579, 0.09523021429777145
-2.9398421943187714, 2.839770283550024
-5.500700116157532, -4.388868153095245
-2.7468215227127075, -0.336626835167408
-1.1614616960287094, 0.32281302008777857
-1.7984132170677185, 0.33419162360951304
-1.8028545416891575, 1.624838650226593
-3.4968496784567833, 0.7003147602081299
0.998361136764288, -1.8433610647916794
-2.333033949136734, 0.6355955004692078
-1.3438984155654907, -1.088010497391224
-0.7361805886030197, 2.0146817564964294
-1.9797823801636696, 1.3317221105098724
0.1514924131333828, 0.1955851912498474
-1.4195996075868607, 0.9276886135339737
-2.7530190646648407, 0.4472400634549558
-3.7663600593805313, 2.2639172226190567
-0.17360787838697433, 2.144224051386118
-0.6734756231307983, 1.1097222864627838
-0.9580911248922348, 0.9477167129516602
-1.5254171937704086, -2.024564765393734
-1.1082670539617538, -0.030148260295391083
-0.901682686060667, 1.1231945753097534
-1.067583441734314, 0.37530308216810226
-1.8388389497995377, 3.4757749512791634
-3.2948415875434875, -0.3558299243450165
-0.7721623778343201, 0.7545901648700237
-0.8339416794478893, -0.3747052326798439
-1.8669230043888092, -0.06405636668205261
-2.7107824608683586, 0.06941630318760872
-2.6665402464568615, -2.190718784928322
-0.36740947514772415, 0.30484718084335327
-1.9716624692082405, 0.8492063581943512
-0.7823735922574997, 0.708144398406148
-0.7726521715521812, -0.5403244346380234
-1.1316937953233719, -0.013091173022985458
-2.7714715152978897, 3.4095180928707123
-2.19032571464777, 0.12926316261291504
1.915846809744835, -0.10138724744319916
-1.453193038702011, 3.385780468583107
-1.7503538231831044, 0.7637584265321493
-0.26026852428913116, 0.3335323929786682
-0.3924976587295532, 0.04547124821692705
-1.581306867301464, -0.5077671632170677
-0.332684725522995, -0.8323003351688385
-1.9138231053948402, -0.08686290681362152
-2.2578355371952057, -0.3387918621301651
-1.2250554859638214, 0.7158074378967285
-0.5679862126708031, -0.1256827972829342
-0.31229572743177414, 0.5379658937454224
-3.4965086728334427, -0.23810915648937225
-1.1268039122223854, 1.2013509422540665
-1.2706234976649284, -1.0066539756953716
-0.964326336979866, -2.135878026485443
-1.7916715741157532, -1.3827497512102127
0.4135093241930008, -0.5682976841926575
-1.6420025393599644, 0.6175284683704376
1.1258198767900467, 1.2950477972626686
-0.9239004720002413, 2.46077124401927
-3.069965213537216, 0.10989574121776968
-0.576684970408678, 0.6474734395742416
1.0746105760335922, 0.2963925478979945
0.4073813259601593, 1.9651974439620972
1.7265495359897614, 0.273992657661438
-1.728816196322441, -0.8839073479175568
-1.150553673505783, 1.9224896430969238
-3.2720251325517893, 1.438938343897462
-1.9403484482318163, -0.07159136980772018
-0.4920084625482559, -0.04504440724849701
-1.7848268747329712, 1.2348206043243408
-0.27331143617630005, 0.33967629075050354
-1.3675560653209686, 0.056268222630023956
-0.913612388074398, 0.06202119588851929
-1.219109021127224, 1.3449256718158722
-1.7812694609165192, -0.37112506848643534
-2.6811296939849854, 0.437249556183815
2.0059870183467865, 0.6475922087556683
-1.5663655251264572, 0.4121480733156204
1.8088051974773407, -0.8282587130088359
-3.7427444010972977, -0.47520050406455994
-0.6320266872644424, -0.8479902520775795
-2.8347819074988365, 0.5309175327420235
-0.8987884409725666, 0.9556621834635735
2.0373891219496727, 0.9582617282867432
1.4265106040984392, 5.957540601491928
-0.518095787614584, 0.6148265972733498
-1.3879987746477127, 0.596467899158597
-1.3926320672035217, 0.204967450350523
-1.2421909309923649, 0.13794094324111938
1.36367067694664, -0.4347793832421303
-0.48763183504343033, 0.33319780230522156
-1.4200008064508438, 0.3587685823440552
-0.8995986320078373, 1.826717883348465
-0.5911803692579269, 0.33518384397029877
-1.7381058633327484, 1.370931874960661
-0.11326618492603302, 2.086289256811142
-1.158562421798706, -0.4670187383890152
-4.242400944232941, -1.5199117101728916
-0.005680188536643982, 1.0925443917512894
0.3078297972679138, 2.56854260712862
-0.0717284232378006, 1.0668876618146896
-0.4353572353720665, 0.33731861412525177
0.1486714482307434, 0.34581202268600464
-3.5444868952035904, -0.14883895218372345
-1.8117122575640678, 0.25057506561279297
1.8467714563012123, -1.8243876695632935
-1.4935064874589443, 0.06630165874958038
-1.1636650189757347, 0.6725620627403259
-2.8536436930298805, 0.7742025256156921
-0.9227099567651749, 0.20533754397183657
-1.696223497390747, -0.2766183316707611
-1.295771300792694, 0.3603491187095642
-2.5489329440752044, 0.2880432605743408
-1.0616344809532166, 0.11301636695861816
0.2751319706439972, -0.696350023150444
-3.621365964412689, 1.276298612356186
-2.8778617829084396, 1.961333118379116
0.16106430441141129, 1.1961530819535255
-2.371843069791794, 1.681652508676052
-0.6893939673900604, 0.00380861759185791
-0.3868304193019867, 1.1448488682508469
-1.649097591638565, -0.02971622347831726
-0.26265431195497513, -0.5660103186964989
-3.2981369644403458, -2.1589255034923553
-1.0708257779479027, 2.078389436006546
-0.7288582623004913, 0.6837311387062073
-0.24841935373842716, -0.3725515305995941
0.19797240942716599, 1.2499530464410782
-2.825142338871956, 0.026039570569992065
-5.580639868974686, 1.4266728945076466
-2.524927258491516, 0.5643784701824188
-1.971821665763855, -0.49730346351861954
-0.7956631034612656, 3.664807453751564
-2.642770767211914, 2.7673690915107727
-0.08412185311317444, 0.8545058220624924
-1.3472574800252914, 1.1632945388555527
0.43706927821040154, 0.3169017508625984
-1.1273838430643082, 0.61739481985569
-1.4538499563932419, 0.6417154222726822
-0.8633411973714828, 0.900762215256691
-2.141454704105854, 1.123056948184967
-1.5375060513615608, 0.738999598659575
-1.2560800048522651, 0.5123361200094223
-2.531469739973545, 1.5782360136508942
-0.7568226158618927, 2.848224490880966
-1.3853181898593903, 3.018960867077112
-2.382453067228198, 1.3585052825510502
-1.2970636188983917, 0.8960635215044022
-1.442797765135765, 0.26844777166843414
-1.536079466342926, 0.6878086477518082
-2.3459885716438293, 1.1625827997922897
-0.5018799677491188, -0.10336272791028023
-0.8659051358699799, 0.9046105444431305
0.2479061484336853, 0.35831376910209656
-1.271395280957222, 0.7318239510059357
0.3093154113739729, 2.2819433957338333
-1.6396676413714886, 0.5042948052287102
-1.0939921736717224, 0.25958657963201404
-2.973001927137375, 5.8833167552948
-4.403111517429352, -3.018667846918106
0.25678807124495506, 0.8731802627444267
-3.4970730617642403, -0.19890271127223969
-1.8376802504062653, -0.54369608592242
0.34905411303043365, 1.5476112961769104
0.12135636806488037, -0.577635370194912
-1.4885257184505463, -0.461070254445076
0.1677190065383911, -0.27776364982128143
-0.9731123447418213, 2.2668067514896393
-1.9882476152852178, -0.12433282099664211
-0.8786815330386162, 1.5720783099532127
-1.3009275943040848, 1.4775393456220627
-1.2194611236918718, -0.3809742033481598
1.9378182925283909, -2.624167911708355
-0.9660821557044983, 1.6117653101682663
-1.6629315987229347, 0.4152553379535675
-0.44025664031505585, -1.1133943051099777
-2.064980298280716, -0.42353780567646027
0.4008050933480263, 1.1210905611515045
-1.9210053458809853, 0.6225075423717499
0.09273989172652364, -0.22373828291893005
-2.7199340760707855, 2.9753668159246445
1.6774385869503021, 1.5402521938085556
-2.692108675837517, 0.7491349950432777
-1.5780518874526024, 1.4663253277540207
-1.1781663075089455, 0.35892828553915024
-0.5985867977142334, -0.2802543342113495
-1.0406625047326088, 1.4558454155921936
-1.5555922985076904, 0.3285951614379883
-1.9331545978784561, 2.2997392266988754
-5.073500633239746, 1.1633245944976807
-1.0831717550754547, 0.294962078332901
-1.738060925155878, 1.2385701313614845
2.2489728927612305, 1.4949036836624146
-0.4340200163424015, 0.22170419991016388
-1.5376183614134789, 0.6395803466439247
-1.0537248700857162, -0.4773955764248967
1.0126083344221115, 0.457086443901062
-0.597923070192337, 0.7513821125030518
1.850342184305191, 3.564067244529724
-0.8810871243476868, -0.8260903209447861
-0.28602278232574463, -0.8184349685907364
-1.5538135021924973, -0.2588229812681675
-2.237418044358492, -1.645406998693943
-0.5568984933197498, -0.3048100769519806
-3.9485046565532684, 2.1631518825888634
-1.1189688555896282, 1.3282127380371094
-2.6323189735412598, 0.8636311814188957
-1.79507377743721, -1.8373882472515106
-1.121975839138031, 0.49317099899053574
-1.0092480406165123, 0.04166819155216217
-2.1760895252227783, 3.046391025185585
-2.422301098704338, 0.4911893308162689
-2.0558781921863556, 2.0847796946763992
-1.241069719195366, 0.7830671705305576
-1.6968916058540344, 1.3940895944833755
-0.7950251623988152, -0.5199195295572281
-0.5807833299040794, 1.458582803606987
-0.5942063629627228, 0.9042415469884872
-2.463544249534607, 2.679366484284401
-1.7653046324849129, -0.6236889809370041
-1.1681601563468575, 0.8542271703481674
-0.29584167897701263, -0.07132142782211304
-0.5508742034435272, 0.6317955851554871
-1.0352357774972916, 0.05678034573793411
-1.714203119277954, 0.23373454809188843
-1.8205520957708359, -0.11483621597290039
-1.5411547422409058, 1.8308215215802193
-1.500220239162445, 0.5106999650597572
0.6313200541771948, -0.175175279378891
-0.17247876524925232, 0.7917561382055283
-0.045806389302015305, 1.6295321434736252
-1.4788746386766434, -0.012307614088058472
0.23782660067081451, 1.0607078671455383
-1.0554535314440727, -0.24693208932876587
-2.5674957931041718, 0.4464223990216851
-0.3196825385093689, 0.41246802918612957
0.5095920711755753, 0.8038236498832703
-2.564527004957199, -0.687880277633667
-1.101184330880642, -0.29265235364437103
0.21224775910377502, 0.9325487315654755
-1.9298184774816036, -1.2082918472588062
-0.4341746121644974, 0.47579027572646737
-1.1242445558309555, 1.4901563227176666
-0.4302680492401123, -1.7605169415473938
1.382171019911766, -0.5393182747066021
-4.956494152545929, -3.0112788528203964
0.05298566818237305, 0.9659639755263925
1.2609892189502716, 4.871263206005096
-1.9549043327569962, 1.2420791909098625
-0.2822713851928711, 0.19782626628875732
-0.42614486813545227, -0.060477592051029205
1.9158475399017334, 4.6556199342012405
-1.6642924267798662, -0.3534415066242218
-1.0915200784802437, -0.4449004828929901
-0.7766266167163849, 2.3301876559853554
-0.2019670605659485, -0.16844049841165543
-0.7595536783337593, 0.38524695485830307
-1.9908012300729752, 1.065477877855301
-1.8223736435174942, -0.4050605297088623
-1.181251585483551, 2.940792351961136
0.05609355494379997, -0.11828991770744324
-2.3685846030712128, 2.826094925403595
-1.38909150660038, 0.18150180578231812
-0.7397307902574539, -1.8673088103532791
-3.5931731425225735, -0.2353518307209015
-1.882763460278511, 0.9147441536188126
-1.171511247754097, 2.99369078874588
-1.9061354100704193, -0.34807952865958214
-1.5730117857456207, 1.7859763354063034
-1.4175020549446344, -1.0268264636397362
-0.33978697657585144, -1.5518968850374222
-1.459567867219448, 2.1088759750127792
-1.7216709926724434, 2.9958761408925056
-1.3280416540801525, 0.7664484679698944
-2.114747643470764, 1.5555856227874756
-3.0010912902653217, 2.1021342799067497
-0.8477064520120621, 0.29994170367717743
-4.227513931691647, 0.22923881374299526
-1.3258344233036041, -0.17150339484214783
-0.44900180399417877, 1.661347657442093
-2.5329088792204857, 1.049794852733612
-0.8417500704526901, 0.31094615161418915
-0.8975509516894817, -0.8711283877491951
1.735363595187664, 2.005888268351555
-3.5071816593408585, 0.3840034604072571
1.4516357779502869, -1.2521270513534546
-0.09123928844928741, 2.8133059293031693
-2.303715892136097, 0.03991466760635376
-3.1259612441062927, 3.6761505156755447
-0.9836497530341148, -0.14564216136932373
0.5659463703632355, 2.66617588698864
-0.6527751237154007, 0.35982340574264526
0.2529336027801037, -1.5354746729135513
2.960783898830414, -3.607405424118042
-2.131959244608879, 0.3303026854991913
0.15399157255887985, 0.40277963876724243
-0.4610506445169449, -0.22549450397491455
-1.1537286322563887, -0.43720710277557373
-0.9917898252606392, 1.1472402811050415
-0.6753264665603638, 0.420108899474144
1.0851357951760292, 2.84359073638916
-2.1766967065632343, 0.7946993410587311
-1.5784495323896408, 0.20738935470581055
-1.5757565200328827, -0.08986815810203552
-0.7923901379108429, 2.320084795355797
-1.695542186498642, -0.23077768384246156
0.25457291677594185, -0.18818819522857666
-0.20450797490775585, 0.7481631748378277
-1.3760115951299667, 0.453748669475317
-2.9525774866342545, 0.7048918716609478
-0.12395267188549042, 0.006390094757080078
-0.803691104054451, -0.5590630983933806
-1.7880521416664124, 0.4140150174498558
-0.697407990694046, 1.5207724198698997
-1.0122780986130238, 1.252486675977707
-2.314517930150032, -0.7777754105627537
-0.8581156730651855, 0.3871053606271744
-0.8132254183292389, -1.086376503109932
0.517966166138649, 0.9426254481077194
-0.48693208023905754, 0.15180498361587524
-0.48631091602146626, 1.3177904561161995
-1.1206831876188517, 0.4269804209470749
-1.6874254047870636, 0.2332027107477188
-2.380181774497032, -0.8209915906190872
-0.949367418885231, -0.17381739243865013
0.7741815894842148, -0.3687488976866007
-2.234731674194336, 1.1562072932720184
-0.5452254302799702, -0.6456981301307678
-3.2078463956713676, -0.15728221833705902
-3.470314234495163, -2.648608922958374
-1.217246450483799, -0.22759118676185608
-0.48519858717918396, 3.8593590557575226
0.43500789627432823, 0.36992543935775757
0.7326239049434662, -0.3534378111362457
-1.0118396282196045, 1.6176941096782684
-2.172213040292263, 0.8931980133056641
-2.045965618919581, -0.344848096370697
-1.2513820230960846, 1.8200920596718788
-0.5244438201189041, 0.020428478717803955
-2.7427957132458687, 2.005119800567627
-1.7376335188746452, -1.1333192586898804
-3.4322573840618134, -1.7254076600074768
-0.43325189501047134, -1.789811909198761
-1.031511127948761, 0.4299537092447281
2.547033980488777, 3.706843763589859
-1.5533734187483788, 1.0851725041866302
-0.8201002925634384, 0.8719587167724967
-2.663546308875084, -1.1048950850963593
-1.563949380069971, -0.45184826850891113
-2.0408762358129025, 0.9842521101236343
0.07791264820843935, 0.27872227877378464
-1.5977746844291687, 1.0069726705551147
-1.285544976592064, 0.20834016427397728
-1.071282148361206, 0.7018012776970863
-1.0313820075243711, 4.145707368850708
-1.7814262211322784, -0.5344325006008148
-0.9105948954820633, -1.661315232515335
0.5496436208486557, 1.3749963343143463
-0.8157694973051548, -0.18510960042476654
-1.6470586061477661, -0.035436078906059265
0.153768178075552, -1.3359200358390808
-0.4475528597831726, -0.037787966430187225
-1.6972539871931076, 1.0288230311125517
-0.7795368134975433, 1.098987041041255
-2.653743714094162, 0.8378623239696026
-0.9478183388710022, -0.12499652802944183
-0.6189519315958023, 2.2697476148605347
-0.8216246068477631, 1.7624397575855255
-1.1000623255968094, 2.0003819167613983
-2.7243628799915314, 0.7241510152816772
0.5381711088120937, 1.05150337330997
