0.37140050530433655, 0.6909487843513489
-0.2131684124469757, 0.7571424841880798
0.2857927978038788, 0.791362464427948
-0.6541258692741394, 0.9813112020492554
0.9033350348472595, -0.06809616833925247
0.49064332246780396, 0.34755125641822815
-0.07689329236745834, 0.5098894834518433
-0.117025226354599, 0.6675294637680054
-0.3368796408176422, 0.44920673966407776
-0.3426974415779114, 0.5510867238044739
-0.2494179606437683, 0.44534555077552795
-0.5613564252853394, 0.859046995639801
-0.396646112203598, 0.6372734308242798
0.40386897325515747, 0.3830550014972687
-0.11478202790021896, 1.3058407306671143
-0.5214979648590088, 0.3192608058452606
0.6551666259765625, 0.09854260832071304
0.3544706106185913, 0.5509393215179443
-0.19211439788341522, 0.2574410140514374
-1.2604467868804932, -0.6982326507568359
-0.1492639183998108, 1.0546469688415527
0.2735704183578491, 0.33843228220939636
0.07008637487888336, 0.5278947949409485
-0.2710557281970978, 0.29246073961257935
-0.40166646242141724, 0.6955227255821228
-0.020586978644132614, 0.5507258772850037
-0.3353511393070221, 1.4831364154815674
0.014354168437421322, 0.5047597289085388
0.6157506704330444, 0.5830567479133606
-0.34493914246559143, 1.192713737487793
0.33105894923210144, 1.0914617776870728
0.562284529209137, 0.4414360225200653
-0.5418329834938049, 0.3854674994945526
-0.9415536522865295, -0.3271517753601074
-1.0298051834106445, 0.08405861258506775
-0.8014456629753113, -0.9592819213867188
-0.1497211754322052, 0.42439526319503784
-1.2080323696136475, 0.700751781463623
-0.07570687681436539, -0.06933117657899857
0.21053296327590942, 0.24256011843681335
0.14151786267757416, -0.39090389013290405
-0.6537424325942993, -0.03846299648284912
-0.40122756361961365, 0.4802136719226837
0.03303442895412445, -0.1734333634376526
0.2334289401769638, 0.3633270561695099
0.4572484791278839, 0.6317951679229736
0.6888740062713623, 1.4085752964019775
-0.002546805189922452, -0.3812132179737091
0.5151272416114807, 0.7465893030166626
0.12847095727920532, -0.06933139264583588
-0.46208953857421875, -1.576433777809143
0.12251738458871841, 0.4192982614040375
-0.781746506690979, 0.564283013343811
0.4060746133327484, -0.24944722652435303
-0.6636075973510742, -0.8131430745124817
-0.37733566761016846, -0.06254222989082336
0.362579345703125, 0.3393170237541199
0.9226043224334717, 0.6496732234954834
-0.01687690056860447, 0.5666954517364502
-0.03750745207071304, 0.5574358105659485
-1.878462314605713, 0.9793999195098877
0.2969471216201782, 0.1319538801908493
0.35780754685401917, 0.11037706583738327
-0.08695165812969208, -0.05085601657629013
-0.25269171595573425, 0.5439674258232117
-0.651111364364624, 0.0693344920873642
0.0935816839337349, -0.5983417630195618
2.1921935081481934, -0.6272034645080566
0.5177884697914124, 0.4592509865760803
-0.1783347874879837, 0.2518664300441742
0.810646116733551, 0.7016719579696655
-0.3802604079246521, 1.5702646970748901
0.33094507455825806, 0.10830559581518173
-0.2890051007270813, 0.5629488825798035
0.5130770206451416, -0.46823838353157043
0.2707226276397705, 0.3981722593307495
0.9301289916038513, 0.13879436254501343
-0.5268315076828003, 0.6681889295578003
0.8968371152877808, 0.17162130773067474
-0.582843005657196, 0.6591315865516663
-0.2904776632785797, 0.6435228586196899
-0.2653493583202362, 0.7102184891700745
-0.8934674859046936, -0.005848088301718235
0.10717574506998062, 0.26084378361701965
0.051516637206077576, 0.6261652112007141
0.8537545204162598, -0.8898515105247498
-0.4746798872947693, -0.09977475553750992
-1.1173336505889893, 0.5863286852836609
-0.4641666114330292, 0.37427735328674316
-0.036374934017658234, 0.5929558873176575
0.03460205718874931, 0.23232929408550262
-0.08625511825084686, 0.33084002137184143
1.1624892950057983, 0.6758604645729065
0.39375096559524536, 0.7612841725349426
-0.23442037403583527, 0.2510475218296051
-0.221048042178154, 0.8306332230567932
-0.4281125068664551, 0.4023197293281555
0.686931848526001, 1.3853564262390137
-0.3782770335674286, 0.01438231859356165
1.4426851703319699E-4, -0.13567869365215302
-0.17910334467887878, 0.3993273675441742
-0.003392866114154458, 0.2915910482406616
0.739353597164154, 0.5593885183334351
0.5630854964256287, -0.06163548305630684
0.576257586479187, -0.12072323262691498
-0.20029841363430023, 0.27383583784103394
1.0166499614715576, 0.6186107993125916
1.098833680152893, 0.7380425333976746
-0.6937258243560791, 0.026860857382416725
-0.39534643292427063, -0.19580230116844177
-0.5189763307571411, 0.23595720529556274
-1.1666994094848633, 0.5004390478134155
-0.8171073794364929, 0.1684953272342682
0.8746285438537598, -0.3856361508369446
0.44090327620506287, 0.2090969681739807
-0.18908828496932983, 0.18723054230213165
0.07875500619411469, 0.6692724823951721
-0.01193268597126007, 0.5442907810211182
-0.05182843282818794, 0.3439560830593109
-0.04179024696350098, 0.10592768341302872
1.0282158851623535, -0.023913836106657982
-0.7905333042144775, 0.8573476672172546
0.8534713983535767, 0.21992714703083038
-0.894463062286377, 0.9680476188659668
-0.3088090419769287, -0.5726812481880188
-0.7296397089958191, 0.9785904288291931
-2.3848400115966797, -0.6637720465660095
0.36138439178466797, 0.14933575689792633
0.12195843458175659, 1.1040998697280884
-0.5027315616607666, 0.1570877581834793
0.11162964999675751, 0.7727354168891907
0.9851166605949402, 0.5868598222732544
0.2962491512298584, -0.5138264894485474
-1.4731504917144775, -1.2089402675628662
0.3726157248020172, 0.3965674340724945
0.4334079623222351, 1.539084553718567
-1.8606324195861816, -0.4277714788913727
-0.29666784405708313, 0.011595546267926693
0.7221592664718628, -0.26645544171333313
0.3022647798061371, -0.03235984966158867
-0.6770917177200317, 0.09701959788799286
0.01196248084306717, 0.5714499950408936
-0.7470611929893494, 0.2917560935020447
-0.38638851046562195, 0.5312297940254211
-0.2608132064342499, -0.2182355374097824
0.6200143694877625, 0.4547799229621887
-0.09293753653764725, 1.1079455614089966
-0.5519345998764038, 1.2423014640808105
-0.0710723027586937, 0.8992515206336975
0.8735178112983704, -0.08315695077180862
-0.014703640714287758, 0.5017701387405396
-0.7569485902786255, 0.38178935647010803
-1.176552176475525, 1.440759301185608
0.37874022126197815, 0.31822022795677185
0.368441104888916, 1.2081197500228882
0.610000491142273, 0.27991101145744324
0.1589049994945526, 0.09030406177043915
-0.22263716161251068, 0.6320742964744568
-0.5204628705978394, 1.0760549306869507
0.32530680298805237, 0.8458533883094788
0.45127439498901367, 1.1055076122283936
-0.3623841106891632, 0.5547348260879517
-0.3291517496109009, 0.3675376772880554
-1.1047375202178955, 0.5142756104469299
-0.4091110825538635, -0.5005842447280884
-1.8331202268600464, -0.19980715215206146
0.591168999671936, 1.5561573505401611
-0.9412084221839905, 1.1885074377059937
0.08820010721683502, 0.11541736125946045
-0.8085705041885376, -0.9626204371452332
-0.12706829607486725, 0.004593938589096069
-0.3167484700679779, -0.5537492036819458
-0.22259922325611115, 0.2712518870830536
-0.07793603092432022, 0.7870550751686096
-0.45215997099876404, 0.467343270778656
0.20878784358501434, 1.0416231155395508
0.16635042428970337, 0.32504820823669434
-0.5565098524093628, -0.03373531252145767
-2.2342963218688965, 0.2778583765029907
-0.13987261056900024, 1.5729981660842896
-0.5181475877761841, 0.10008750855922699
-0.8915656805038452, 1.0924279689788818
-0.6151057481765747, 1.2137260437011719
0.1251315176486969, 0.7676719427108765
-0.13470514118671417, 1.3176852464675903
-1.3378078937530518, 0.05747641250491142
0.4828636348247528, 0.4757861793041229
-0.33515992760658264, 1.0157651901245117
0.14116273820400238, 0.6898162364959717
-0.011321844533085823, -0.37165403366088867
0.28473225235939026, 0.6569743752479553
1.1885042190551758, 0.0517420656979084
-0.22023606300354004, 0.8557419180870056
0.2912214994430542, 0.40176236629486084
-0.4037420451641083, 0.5145243406295776
-0.11992946267127991, 0.28246405720710754
-0.030841132625937462, -0.48411765694618225
0.10161131620407104, -0.1458829790353775
0.8019974827766418, 0.31102341413497925
-0.5418280363082886, -0.1826157420873642
0.24968095123767853, 0.31723591685295105
0.2028968632221222, 0.7665255069732666
0.4344944357872009, -0.38003310561180115
0.5896202325820923, 1.3142480850219727
-0.09645383805036545, 0.6244134902954102
-0.5507252216339111, 0.8398661017417908
-0.06372431665658951, 0.2469904124736786
-0.6719586849212646, 0.27660736441612244
-0.6637053489685059, 1.0361700057983398
0.07940052449703217, 0.6070138812065125
-0.3529881238937378, 0.3432178795337677
0.5346915125846863, -0.9583460688591003
-0.3958170711994171, 0.33060577511787415
0.49301809072494507, 0.6723926663398743
-0.2715139389038086, 0.0052732122130692005
0.3921504318714142, 0.39413538575172424
-0.6715516448020935, 0.17388767004013062
-0.2542530298233032, 0.06444895267486572
0.2793230712413788, 0.4994683861732483
0.11533663421869278, 0.4483197331428528
0.261701375246048, 0.11706934124231339
-0.23875610530376434, 0.12043900787830353
-0.9239094257354736, -0.33946743607521057
-1.33431875705719, 0.49987295269966125
-0.05562615394592285, 1.422476887702942
0.34373968839645386, -0.2555501163005829
0.05483386665582657, 1.4808791875839233
0.6329672932624817, -0.6188763976097107
0.19271214306354523, 0.42099902033805847
-0.4351244270801544, 0.5174916386604309
-0.05494598671793938, -0.0015182276256382465
0.0015741620445623994, 0.9349661469459534
-0.5152251720428467, 1.0965079069137573
-0.18293310701847076, 0.7179762721061707
0.04229182377457619, 0.2845703363418579
-0.8080917596817017, 1.3528484106063843
-0.051918067038059235, 0.22792311012744904
-0.15594342350959778, 0.9842913150787354
0.8655086159706116, 0.8526779413223267
-0.6276719570159912, 1.3152302503585815
0.1545359492301941, 0.5324965715408325
-1.4796841144561768, 0.2563202977180481
0.00707455538213253, 0.06749121099710464
0.7889528870582581, -0.24609597027301788
0.7504568696022034, -0.69962078332901
0.04305195435881615, 0.5770522356033325
-0.2966034412384033, 0.7132367491722107
0.6186826825141907, -0.29634854197502136
0.078583724796772, 0.5403264164924622
-0.24274738132953644, 0.7608203291893005
-0.14589296281337738, 0.49775466322898865
0.09821970760822296, 0.28302228450775146
-0.27813658118247986, 0.5098841190338135
-1.0924098491668701, 0.24052223563194275
0.2113465815782547, -0.24917247891426086
-0.641494870185852, 0.4861929714679718
-0.025748448446393013, 0.7927402853965759
0.06550314277410507, -0.7931814789772034
-0.10048120468854904, -0.03938732296228409
-1.485620379447937, -1.0387015342712402
0.42189690470695496, -0.6041486263275146
-0.35991910099983215, 0.46997278928756714
0.1684793382883072, -0.01110075879842043
0.4892108142375946, 0.23896944522857666
-0.9329985976219177, 0.32868054509162903
1.137643575668335, -0.021909894421696663
0.08350963890552521, 0.29062220454216003
0.3325008749961853, 0.33580639958381653
1.0293176174163818, 0.8127155303955078
-0.2062879353761673, 0.38659805059432983
0.10039599984884262, 0.15499894320964813
0.6418483853340149, 0.5360795259475708
0.7237789630889893, 0.6321530938148499
0.4849916994571686, 0.4309128522872925
-0.4064546227455139, 0.19924256205558777
-0.017370257526636124, 0.4171997010707855
0.01322981622070074, 0.7882397174835205
0.39922818541526794, -0.49364736676216125
-0.3908565044403076, 0.574608325958252
0.06469909101724625, 0.4061475992202759
-0.7949774265289307, 0.10391944646835327
1.0142502784729004, 0.3250288963317871
0.0043962388299405575, 0.7130251526832581
0.1903158277273178, 0.40881627798080444
0.43585777282714844, -0.28254252672195435
-0.0683969184756279, 0.36503249406814575
-0.04884069040417671, -0.05303574725985527
-0.13016721606254578, 0.8479299545288086
-0.0873192846775055, 0.49831679463386536
-0.49187442660331726, -0.04574209451675415
0.3665405213832855, 0.19969989359378815
-0.15160416066646576, 0.8433135151863098
0.22773320972919464, 0.35887742042541504
0.22210828959941864, 0.231151282787323
-0.3609471619129181, 0.6780894994735718
0.02927958406507969, 0.8407154083251953
0.32320621609687805, 0.3808460235595703
-0.3013496398925781, 0.45769497752189636
-0.07964222133159637, 0.606288731098175
0.1938951462507248, -0.16272440552711487
-0.17879155278205872, 0.024185193702578545
0.29761096835136414, 1.4737581014633179
0.20527754724025726, 0.5012423396110535
-1.2038005590438843, -0.3084547221660614
0.3860372006893158, 0.8709911108016968
0.43854257464408875, 0.6788131594657898
-0.29518935084342957, -0.017062770202755928
-0.11370278149843216, 0.35461702942848206
0.6395254135131836, -0.7958514094352722
0.19835571944713593, 0.8626324534416199
-0.5722799897193909, 0.31954604387283325
-0.03395099565386772, 0.8411534428596497
-0.1505497246980667, 0.3242250978946686
-0.6726287603378296, -0.5476706027984619
0.7070937156677246, 0.41597306728363037
-0.13123703002929688, 1.1697317361831665
-0.9569740295410156, -0.34844404458999634
-0.007067062426358461, 0.7499008774757385
-0.4743315577507019, -0.2968117892742157
-0.34390750527381897, -0.2814011573791504
-0.10647012293338776, 0.3848743736743927
0.12149225920438766, 1.0725798606872559
0.08647888898849487, 0.340508371591568
-0.5200082659721375, 0.5086781978607178
0.4529561698436737, 0.8639748096466064
-1.015015959739685, 0.5035261511802673
0.03914264217019081, 0.603945791721344
-0.17277449369430542, 0.4401763677597046
0.29489976167678833, 0.7044705152511597
-0.6606085896492004, 0.7522429823875427
-0.1506517231464386, 0.46646764874458313
-0.7381373047828674, -0.17728038132190704
-0.9656150937080383, -0.36703136563301086
0.0651257336139679, 0.5146154165267944
-0.24200445413589478, 1.7534098625183105
-0.1836329847574234, 0.2916065454483032
-1.2075936794281006, 0.05910099670290947
0.6545522212982178, 0.9251432418823242
0.33330464363098145, 0.5719654560089111
-1.2011131048202515, -0.33399638533592224
-0.39400535821914673, -0.09580885618925095
-0.015257908031344414, 0.9667599201202393
0.25839585065841675, 0.294918954372406
0.25226351618766785, 0.3384700119495392
-0.204398974776268, 0.7977845072746277
-0.696733832359314, -0.2405625879764557
-0.1267443746328354, -0.5985537767410278
-0.5831860303878784, 0.2363891452550888
0.2148430347442627, 0.5141366124153137
0.23273363709449768, 0.7895033955574036
-0.44985106587409973, -0.194132000207901
-0.09942375123500824, 0.012713889591395855
-0.43286147713661194, 0.9475435614585876
0.6654990911483765, 0.5435407757759094
0.3293607831001282, -0.2848093509674072
-0.4396190047264099, -0.6229655146598816
-0.3885883390903473, 0.26473572850227356
0.2113349735736847, -0.025230223312973976
-0.16156795620918274, 0.8675985932350159
0.35844117403030396, 0.7437490820884705
0.2713964581489563, 0.9572926163673401
0.12334508448839188, 0.11988570541143417
-0.21428056061267853, 0.2784975469112396
-0.41999226808547974, 0.014669222757220268
0.42732706665992737, 0.2737111449241638
1.3634103536605835, 0.4631231427192688
-0.18756288290023804, 0.04956934601068497
-1.0965709686279297, 1.3243310451507568
0.19768282771110535, 0.6289578080177307
0.3722047805786133, 0.21498003602027893
-0.5307185649871826, 0.4368911385536194
-0.7657507658004761, 0.3485983908176422
-0.15309759974479675, 0.34128209948539734
-1.3384901285171509, 0.8376023173332214
-0.7166188955307007, 0.05009961873292923
-0.07324905693531036, 0.2774515450000763
-0.9034055471420288, 0.1171494796872139
-0.16647857427597046, 0.45532888174057007
-0.25836262106895447, 0.7292032241821289
-0.12256072461605072, 0.4160790741443634
-0.19687625765800476, 0.659274160861969
0.13287565112113953, 1.1984012126922607
0.8175577521324158, 0.6129325032234192
-0.61948561668396, 0.17130184173583984
-0.013457712717354298, 1.0838197469711304
-1.1325353384017944, 1.382881999015808
0.5781682133674622, -0.05983562394976616
-0.7435057759284973, -0.6027888655662537
0.19049791991710663, 0.8132465481758118
-1.4462581872940063, 1.5719362497329712
0.4355078637599945, 0.5855126976966858
0.3263164162635803, 0.5530324578285217
-0.5048078298568726, -0.09466244280338287
-0.1296796351671219, 0.5686989426612854
0.41775432229042053, 0.9062777757644653
-1.0298213958740234, 0.25005903840065
0.2770691215991974, 0.5785247683525085
-0.4268572926521301, 0.6289872527122498
-0.23268258571624756, 0.47087693214416504
0.07748531550168991, 0.44808870553970337
-0.1868976503610611, 1.0004504919052124
-0.07417140901088715, 0.545241117477417
0.27661651372909546, 0.4822116792201996
-1.1553605794906616, 0.43595975637435913
-0.9213873744010925, -0.19166335463523865
-0.1147797629237175, 0.5213333964347839
-0.05567430704832077, 0.16315984725952148
1.6082714796066284, -1.2699693441390991
0.2935876250267029, 0.3197033405303955
0.06411724537611008, -0.2622110843658447
-0.24383194744586945, 0.6438988447189331
-0.15626338124275208, -0.344279408454895
-0.039936523884534836, 0.22679536044597626
0.030632713809609413, 0.840338945388794
0.2580537497997284, 0.4733533263206482
-0.4057433605194092, 0.3965755105018616
-0.19308459758758545, -0.016132080927491188
-0.312153160572052, -0.8837123513221741
0.5920329093933105, 0.5332440137863159
0.8629608750343323, 0.6957541704177856
-0.12356752902269363, -0.6936677098274231
0.3075476586818695, 0.37978073954582214
0.16886579990386963, 0.6193588972091675
-0.24874790012836456, -0.16030968725681305
0.11995179206132889, -0.034847013652324677
0.1556657999753952, 0.5404733419418335
0.4759247899055481, -1.5081782341003418
-0.5098773837089539, -0.11432721465826035
0.3836386799812317, 0.3270401060581207
-0.3278960883617401, -0.24861308932304382
-1.0670195817947388, 0.11791206151247025
-0.5650045275688171, 0.15907393395900726
0.3476811647415161, 0.47948509454727173
-1.3417387008666992, -0.10868706554174423
0.19885773956775665, 0.08240672945976257
-0.5774626731872559, 0.5354669690132141
0.06220629811286926, 0.6510028839111328
-0.935712456703186, 0.5624801516532898
0.2900608479976654, 0.9924726486206055
0.9026325941085815, 0.4005899727344513
-0.20205068588256836, 0.2618630528450012
-0.1294408142566681, 0.013786556199193
-0.6467146873474121, 0.0437447689473629
-0.5108265280723572, 1.5918387174606323
0.054075513035058975, 0.4954448640346527
-1.1519325971603394, 0.6035563349723816
-0.04520759359002113, 0.1567138284444809
0.6474200487136841, 0.444468230009079
0.22040724754333496, 1.038147211074829
-0.43850263953208923, 0.3688315153121948
-1.0964144468307495, -0.15002374351024628
-0.4999074339866638, 0.5202862024307251
0.15260499715805054, 0.2523955702781677
-0.6798127293586731, 0.30178698897361755
-0.1744641363620758, 0.12338060140609741
0.2095756232738495, 0.18099232017993927
-0.23425710201263428, 0.4638501703739166
-4.124790139030665E-4, 0.7311442494392395
-0.4277046322822571, -0.37063899636268616
0.5076343417167664, 0.8761201500892639
-0.014322502538561821, 0.6462588906288147
-0.7533196806907654, 0.32118725776672363
0.23917284607887268, 0.2932874858379364
-0.4171141982078552, 1.0891894102096558
0.0908552035689354, 0.38101717829704285
-0.021969856694340706, 0.8820561170578003
0.7982996702194214, 0.2146337330341339
-0.4089268445968628, 0.6411401629447937
-0.10888762772083282, 0.8953790664672852
-0.5079219341278076, 0.4213624894618988
0.5290680527687073, 0.39706501364707947
-0.41856640577316284, -0.005819382146000862
0.3199722468852997, 0.25467199087142944
0.01395280659198761, 0.2680952847003937
1.4034793376922607, 1.7164219617843628
-0.016993891447782516, 0.4562942683696747
0.3029947578907013, -0.2166997641324997
-0.25023236870765686, 0.8557871580123901
-0.026042498648166656, -0.1329003870487213
0.4343126714229584, -0.05925782397389412
-0.3219147324562073, 0.6201731562614441
-1.0178844928741455, 0.19870911538600922
-0.6751766204833984, -0.1379329264163971
-0.7554194331169128, -0.21481221914291382
-0.07525728642940521, 1.038832187652588
0.17243148386478424, 0.5178061127662659
-0.6013134717941284, -0.1363717019557953
-0.6650512218475342, -0.2248203158378601
-0.6297922134399414, -0.07205428183078766
0.6933717727661133, 0.28553417325019836
-1.44431471824646, 0.5604420304298401
0.5963501930236816, 0.018507668748497963
-0.6942156553268433, 0.28568217158317566
-1.0002282857894897, -0.004563471768051386
0.4660329222679138, -0.3701435327529907
0.5614767074584961, -0.2850443720817566
-0.0951036661863327, -0.06089165806770325
0.7028698325157166, 0.15571705996990204
0.24242517352104187, 0.6996340155601501
0.13280776143074036, 0.7175681591033936
-0.07636260241270065, 0.319789856672287
-0.9140334725379944, -0.751448392868042
-0.03994978219270706, 0.2662157714366913
-0.6048391461372375, 0.6303977966308594
-1.1412289142608643, 0.5677541494369507
-0.8532911539077759, 0.24317772686481476
-0.8646162152290344, 0.28724923729896545
0.3214379847049713, 0.8882530927658081
-0.393485963344574, 0.16648933291435242
-0.6475774645805359, 0.588618814945221
-0.5815077424049377, 0.8980544209480286
-0.26337194442749023, 1.1831189393997192
-1.4308580160140991, -0.031808335334062576
-0.48316818475723267, 0.40208858251571655
-1.122054100036621, 0.28068429231643677
0.06767472624778748, 0.6301605105400085
-0.19782193005084991, -0.5481316447257996
-0.3000726103782654, 0.6170977354049683
-0.4872623682022095, 0.8562313318252563
-0.20902755856513977, 0.1590319126844406
-0.001034598215483129, -0.17961692810058594
0.897327721118927, 0.10669858753681183
-0.4970509707927704, 0.36133816838264465
-0.198656365275383, 1.210678219795227
-0.045546356588602066, 0.2015354335308075
0.2495669573545456, 1.1531344652175903
0.20474109053611755, 0.6559011936187744
-0.3762693405151367, -0.5437825322151184
-0.18104246258735657, -0.31774210929870605
-0.4173452854156494, 0.5836218595504761
-0.20426364243030548, 0.48113253712654114
-0.6510096192359924, 0.12785765528678894
-0.8211212158203125, 0.1661321073770523
-0.23980340361595154, 0.08484337478876114
-0.24609003961086273, 0.8552036881446838
-0.6667349934577942, -0.13929466903209686
0.2793920636177063, 0.4787822365760803
-0.5156545042991638, 0.34980568289756775
0.37178775668144226, 0.9245397448539734
0.2528836727142334, 0.4034341871738434
0.023223474621772766, 0.8100850582122803
-0.028178295120596886, 0.3175905644893646
-0.18670643866062164, 0.34522271156311035
-0.022668007761240005, 0.9873183369636536
-0.3863137662410736, 0.0789344310760498
-0.7281724214553833, 0.018000883981585503
-0.7018945217132568, 0.3830679655075073
-0.8884685039520264, -0.048609644174575806
0.6522060036659241, -0.7164932489395142
-0.37315309047698975, 0.0068593197502195835
0.0181342214345932, -0.25729134678840637
-0.04847971349954605, 0.06255699694156647
-0.19523289799690247, 0.9425753355026245
-0.2638988792896271, -0.116301529109478
0.5001114010810852, 0.042088426649570465
0.29110294580459595, 1.0671579837799072
0.2098524272441864, -0.03557700663805008
0.5427560210227966, -0.09372419118881226
-1.0793601274490356, 0.41340965032577515
0.25725629925727844, 0.14514175057411194
0.25126323103904724, 0.573661208152771
-0.1328854262828827, 1.2999790906906128
0.03396860510110855, 0.41214561462402344
-0.6054151058197021, 0.5067974925041199
0.20421238243579865, 0.867156982421875
0.2744826674461365, 0.5510945320129395
0.47361305356025696, 0.8499452471733093
0.38491091132164, 1.142045021057129
-0.015784049406647682, 0.9017373323440552
-0.3457496464252472, 0.38368600606918335
0.9546555876731873, -0.18209940195083618
1.7360881567001343, -0.06266894936561584
0.18403320014476776, 0.6700226068496704
-0.13365894556045532, -0.0633445605635643
-0.5244920253753662, -0.007682854309678078
-1.2369880676269531, 0.5896837711334229
-0.23474113643169403, 0.37544116377830505
-0.967610239982605, -0.5121673345565796
-0.13298359513282776, 0.48617759346961975
0.5627117156982422, -0.7067825794219971
0.685742974281311, 0.06868711858987808
0.045393090695142746, 0.49285051226615906
0.6487277746200562, 0.4760039448738098
-0.22116346657276154, 0.10917101800441742
0.08210687339305878, 0.2081960141658783
-0.4506000578403473, -0.20820316672325134
-0.3969564735889435, 0.3566270172595978
-0.4720098376274109, 0.41526079177856445
-1.1880773305892944, -0.4633769989013672
0.9629260897636414, 0.6560515761375427
0.13828828930854797, 0.8280020952224731
0.30514901876449585, 0.5577483177185059
0.05085409805178642, 0.12813647091388702
-0.1345382183790207, 0.5460432767868042
0.241099014878273, 0.4772818684577942
-0.7480734586715698, 0.17629045248031616
-0.522415816783905, -0.03141169995069504
-0.37040314078330994, 0.5559046864509583
-1.5363054275512695, 0.2599222958087921
-0.10235283523797989, 0.07934357225894928
0.4545971155166626, 0.022508447989821434
-0.23921041190624237, 0.13634955883026123
0.4919567406177521, -0.7908234000205994
0.6488372087478638, 1.1467201709747314
-3.0087653431110084E-4, 0.665463387966156
-0.5472011566162109, 0.41783905029296875
0.12393416464328766, 0.6444515585899353
-0.4466620981693268, 0.4391760528087616
-0.7184354662895203, 0.6449580192565918
-0.3839343190193176, 0.576932430267334
0.09750831872224808, 0.12179337441921234
-1.4090557098388672, 0.2218921184539795
0.4033646881580353, 0.5941032767295837
0.9073317646980286, 0.7284952402114868
0.4649955630302429, 0.3503183424472809
-0.19929958879947662, 0.17713460326194763
-0.30334901809692383, 0.7683231234550476
-0.3674463927745819, -0.023254655301570892
-0.750006914138794, -0.470615029335022
-0.7915275692939758, -0.32725831866264343
0.07072608917951584, -0.30296817421913147
0.2804856598377228, 0.11307618767023087
-0.5281099677085876, -0.1479152888059616
0.19239123165607452, 0.4146963059902191
0.2529892325401306, 0.10499312728643417
0.6439469456672668, 0.1934160441160202
0.6356135606765747, 0.0262815672904253
-0.5659317374229431, 0.5427946448326111
-0.4300820827484131, 0.29597803950309753
-1.0167431831359863, -0.05721690133213997
0.48791658878326416, 0.1831105649471283
-0.19450326263904572, -0.15894490480422974
-0.5710911750793457, -0.05119602382183075
0.1237507089972496, 0.6157931685447693
0.8732249140739441, -0.017688075080513954
-1.4305962324142456, 0.9119473099708557
-0.1807180643081665, 0.4925510585308075
0.28114789724349976, 0.36790531873703003
-0.21058402955532074, 0.1617269665002823
-0.01322310883551836, 0.039590779691934586
0.08755109459161758, 0.8613182902336121
0.07060802727937698, -0.1651831716299057
0.11641297489404678, 0.32445061206817627
-1.3030623197555542, 0.3891432285308838
0.25735753774642944, 0.44464755058288574
0.07505110651254654, 0.10690757632255554
-0.6180692911148071, 0.42456313967704773
-0.8930121660232544, -0.1852247565984726
0.6489035487174988, -0.44801706075668335
-0.1340777575969696, 0.34865882992744446
0.6154610514640808, 0.22064216434955597
-1.0457406044006348, 0.31933513283729553
-0.45873481035232544, -0.2605302631855011
-1.0093646049499512, 0.1940527707338333
-2.3655526456423104E-4, 0.5160669684410095
-0.42476412653923035, 1.1530002355575562
0.35003626346588135, 0.7756977081298828
-0.30438756942749023, 0.4309057891368866
-0.7539852857589722, 0.5924490690231323
0.08335141092538834, 0.4858556091785431
-0.07753060013055801, 0.2695319950580597
1.0426543951034546, 0.43231436610221863
-0.4860004186630249, 0.0711701363325119
0.15633580088615417, 0.521098792552948
0.20794330537319183, -0.0954340323805809
0.09505782276391983, 0.6442170143127441
0.24301283061504364, 0.5178451538085938
-0.012875162065029144, 0.027085917070508003
0.3538011610507965, 0.12957102060317993
-1.1877717971801758, 0.8804942965507507
-0.3270540237426758, 0.4625166058540344
0.9120222926139832, 0.5491238236427307
-0.031002672389149666, 0.6939463019371033
-0.5896982550621033, 0.677348256111145
0.7889391779899597, 0.8970995545387268
-0.9565930366516113, 1.107735276222229
-0.534017026424408, 0.04922698810696602
0.06312204897403717, 0.020317640155553818
-0.039017148315906525, 0.3672131896018982
0.8851558566093445, 0.00540485605597496
1.282333493232727, 1.079207420349121
-0.017707549035549164, -0.18577802181243896
0.32834333181381226, 0.099312923848629
-0.5623354911804199, 0.15159158408641815
0.5703260898590088, -0.2458946853876114
0.6231297850608826, 0.41696110367774963
0.18333807587623596, 0.45307207107543945
-1.0519781112670898, -0.0986475721001625
-0.1026441901922226, -0.38429978489875793
-0.13882417976856232, 0.10773643851280212
0.09277689456939697, 0.610880434513092
-0.25758159160614014, 0.7794147729873657
-0.01903695799410343, 1.0604064464569092
-0.33724451065063477, 0.15750011801719666
1.3514214754104614, 0.3342491090297699
0.5158693790435791, 0.15834352374076843
0.24110740423202515, 0.5234843492507935
-0.11623802036046982, -0.6272931694984436
-0.0842314139008522, 0.17759393155574799
0.5113252997398376, 0.380958616733551
0.2854439318180084, 0.10634250938892365
-1.722199559211731, 0.7432501912117004
-0.5827946066856384, -0.5310927033424377
0.3656393587589264, 0.16454865038394928
-0.7801177501678467, 0.05330050736665726
-0.714165985584259, 0.9536531567573547
0.13969309628009796, 1.0147439241409302
-0.7244084477424622, -0.2825488746166229
-0.06810697168111801, 0.04602021723985672
0.07582877576351166, 0.5001956224441528
0.016871292144060135, 0.8798122406005859
-0.6082431077957153, -0.14122673869132996
-0.22708764672279358, 1.4348076581954956
-0.5145983099937439, -0.5529322624206543
0.06934043765068054, 0.004883625544607639
-0.25116419792175293, 0.9284064769744873
-0.1831352263689041, 1.2695499658584595
-0.736673891544342, 0.5176352858543396
-0.7680676579475403, 0.9457945227622986
-0.10506276041269302, 0.5355773568153381
-0.4235972464084625, 0.12836457788944244
-0.34619641304016113, 0.16005149483680725
0.2048354297876358, -1.2503694295883179
-0.9569891691207886, 0.3294517397880554
-0.11509363353252411, 0.1281820386648178
0.05908441171050072, 1.7280992269515991
-0.31809478998184204, 0.07186959683895111
0.045722126960754395, 0.5017717480659485
-1.7443547248840332, -0.8585507273674011
0.38565272092819214, 0.49744510650634766
0.07545778155326843, 1.2258524894714355
-0.17778150737285614, -1.0009902715682983
0.26744866371154785, 1.3293534517288208
-0.33660468459129333, -0.3112020790576935
-0.17412208020687103, 0.3420840799808502
0.7344428896903992, 0.8096338510513306
0.5591731071472168, -0.059356000274419785
-0.4535937011241913, 0.21804051101207733
-0.6842877864837646, 1.1168454885482788
0.07265937328338623, 0.8319377899169922
0.2621895372867584, 0.19295264780521393
0.6913852095603943, -0.1273953765630722
0.18005742132663727, 0.2196614295244217
-0.8347145915031433, 1.122876763343811
-0.28277087211608887, 0.6710435748100281
-0.08894822746515274, 0.7608981132507324
-0.22730571031570435, 0.6568849086761475
-0.005167476832866669, 0.11404309421777725
-0.7074893712997437, 0.17432604730129242
-0.20477934181690216, 0.3970643877983093
0.29817327857017517, -0.08537359535694122
-0.23894034326076508, 0.001287874300032854
-0.2712153196334839, 0.6325370669364929
0.19407446682453156, 0.8205748200416565
-0.3181304931640625, -0.42653170228004456
-0.10545842349529266, 0.8994653224945068
-0.1263609230518341, 0.3683615028858185
0.28597602248191833, 0.17785917222499847
-1.716065764427185, -0.4506725072860718
1.3868069648742676, -0.5799781084060669
-1.383280634880066, 0.3017312288284302
-1.556167483329773, 1.5727616548538208
0.23739264905452728, 0.4380745589733124
-0.6367731094360352, 0.1554773598909378
1.2655326128005981, 1.409047245979309
0.08824384957551956, 0.6160150170326233
0.21158050000667572, 0.656562089920044
0.25833860039711, 0.5045514702796936
-0.8376427888870239, 1.417174220085144
-0.1276094615459442, 0.517001211643219
0.6104555130004883, -0.18885883688926697
-0.5430299043655396, 0.7899878025054932
0.39507973194122314, 0.3415842056274414
-0.14839093387126923, 0.4363113343715668
0.4291500151157379, 0.04983415827155113
-0.2611493170261383, 0.35348910093307495
-0.8840713500976562, 1.778759479522705
-0.39960190653800964, 1.0086745023727417
-0.1763017624616623, -0.16704337298870087
-0.4563193917274475, -0.8853563070297241
-0.30307137966156006, 0.38419580459594727
-0.39242371916770935, -0.21241432428359985
-0.03023030422627926, -0.7263733744621277
-0.4877930283546448, 0.2870521545410156
-0.25845107436180115, 0.4235284626483917
-0.2672536075115204, 0.05903078615665436
-0.2582642436027527, 0.2671329975128174
-0.17855370044708252, 0.48383116722106934
0.07918496429920197, 0.006648700684309006
-0.07828542590141296, 0.20511241257190704
-0.7299619913101196, -0.527614414691925
0.2136208713054657, -0.269663542509079
-0.017394160851836205, 0.09159709513187408
0.18150971829891205, 1.0032243728637695
0.2614901065826416, 0.5319464206695557
-0.8017411231994629, 0.06653042137622833
0.7969502806663513, -0.7120987772941589
-0.3818381726741791, -0.5039662718772888
-0.16618722677230835, 0.7562878131866455
-0.44720011949539185, 0.4858816862106323
-0.785785436630249, 0.027443399652838707
-0.90346759557724, -0.2702164947986603
0.9119222164154053, 1.2337661981582642
-0.4147312641143799, 0.2652955651283264
0.5864630937576294, 0.40452998876571655
0.017796842381358147, 0.6022846698760986
-0.622373640537262, 0.18428945541381836
0.008895949460566044, 0.9855846762657166
-0.7124730944633484, 0.04978600889444351
-0.40200111269950867, 0.017730997875332832
-0.5889806151390076, -0.42351800203323364
-1.6584991216659546, 0.6196579337120056
0.4576988220214844, -1.465815544128418
0.1548042744398117, 0.31612586975097656
-0.27861979603767395, 0.12025964260101318
-0.7797130346298218, -0.14578008651733398
0.32542768120765686, -0.777837872505188
-0.2792498767375946, -0.19077254831790924
1.023746132850647, 1.1071151494979858
-0.13437393307685852, 1.1992523670196533
-0.45737096667289734, 0.799130916595459
-0.4890896677970886, 0.5903670191764832
0.2422102391719818, 0.6367285847663879
-0.6013157963752747, 0.1399378776550293
-1.2149617671966553, -0.07884195446968079
0.06460834294557571, 0.010376275517046452
0.7107112407684326, -0.15428884327411652
-0.26423558592796326, 0.2627587616443634
0.09147404134273529, 0.6697145104408264
-0.4257011413574219, 1.0462092161178589
0.02045188471674919, 0.6423101425170898
0.12043798714876175, 0.5316194295883179
0.023756396025419235, 0.9042923450469971
-0.06910325586795807, -0.08712936192750931
-0.32595449686050415, 0.7604199647903442
-0.011666708625853062, 0.2796851396560669
-0.5422300696372986, 0.7935329675674438
0.025651421397924423, 0.043307531625032425
-1.1542787551879883, 0.38488200306892395
0.09607356786727905, 0.5746566653251648
-1.0642365217208862, 0.7129030227661133
0.5615732073783875, -0.49355462193489075
-0.32505562901496887, -0.24856235086917877
-0.25463560223579407, 0.7388913035392761
-0.4405352473258972, -0.6772980093955994
-0.299310564994812, 0.19379866123199463
-0.35907694697380066, -0.09266149997711182
-0.41310566663742065, 0.6538316011428833
-0.7638828158378601, 0.36793872714042664
-1.3502023220062256, -0.06484360247850418
-0.3794378638267517, 0.6050416827201843
-0.2808445692062378, 0.29968005418777466
-1.0539896488189697, -0.3962303698062897
0.3254188299179077, 0.5025304555892944
0.03266766294836998, 0.5912117958068848
0.27962175011634827, 0.7233318090438843
1.1843373775482178, 0.7266122102737427
0.26819634437561035, 0.8411266207695007
-0.27137067914009094, 0.8125048875808716
-0.4081118702888489, 0.4646764099597931
0.24860848486423492, 0.21403160691261292
-0.17557020485401154, 0.23536290228366852
-0.028613625094294548, 0.5267235040664673
-0.06680695712566376, 0.16642317175865173
1.0240085124969482, 0.4831571578979492
0.32154664397239685, 0.8988792300224304
0.7910757064819336, -0.291856586933136
0.6057619452476501, 0.5453453063964844
0.8983748555183411, -0.4102621376514435
0.060264088213443756, 0.45592737197875977
-0.32842957973480225, -0.13013416528701782
-1.136662483215332, 0.10968121141195297
-1.2575565576553345, 0.8797584176063538
0.4526043236255646, 0.25970345735549927
0.12367110699415207, 0.6338527202606201
0.5601051449775696, 0.6269776821136475
-0.03446551412343979, 0.4053071439266205
0.4216565191745758, 0.6112841367721558
-0.286842405796051, 0.573647141456604
-0.05533815175294876, 0.6923096776008606
-0.381102055311203, 0.150464728474617
-0.6282355785369873, 0.006393838673830032
0.05403175204992294, 0.841224193572998
-0.04589080810546875, 0.47034820914268494
-0.8907236456871033, 0.5591456890106201
0.18569861352443695, -0.20374751091003418
-0.4844472110271454, -0.5317130088806152
-0.33946844935417175, -0.5761434435844421
-0.08553429692983627, 0.08135660737752914
0.40648770332336426, 0.8155621886253357
0.07546284794807434, 1.0544415712356567
-0.25014528632164, 0.7544456720352173
-0.18863287568092346, 0.4171980619430542
0.02046026848256588, 0.42905473709106445
1.1530792713165283, 0.562971830368042
-0.26425793766975403, 0.03197254240512848
-0.759472131729126, -0.050901852548122406
0.5454126000404358, 0.1577325314283371
-0.3010178804397583, 0.21003545820713043
0.7211982011795044, 0.20719897747039795
-1.1086950302124023, 0.30878859758377075
-0.8799435496330261, -0.18099598586559296
0.22834044694900513, 0.28899842500686646
-0.5483993887901306, 0.552730143070221
-0.33381137251853943, 0.47790154814720154
0.11360220611095428, 0.42465949058532715
-0.5999194979667664, 0.13468262553215027
-0.30149877071380615, 0.6871283650398254
-0.9637966156005859, 0.2078692466020584
0.08233725279569626, 0.1735966056585312
0.07998073101043701, 0.5247303247451782
-0.034097496420145035, 0.8064751029014587
0.1968763917684555, -0.22377440333366394
-1.4477519989013672, 0.2083716243505478
0.7999940514564514, 0.24206435680389404
0.32485514879226685, 0.38343188166618347
0.563811182975769, 1.0551148653030396
0.3665565848350525, 1.0119060277938843
-0.1543886512517929, 0.4724240303039551
-0.32492369413375854, 0.5379350781440735
-0.5719471573829651, 0.05161849036812782
-0.24973180890083313, 0.19696751236915588
-0.3896600902080536, 0.6334173679351807
-7.580288802273571E-4, 0.4241340756416321
0.11889133602380753, -1.031449556350708
0.22904716432094574, 0.6760770678520203
-1.153719186782837, 0.5389475226402283
0.8120168447494507, -0.0223603043705225
0.190556138753891, -0.11525893211364746
0.561756432056427, 0.24840892851352692
0.013358012773096561, 0.2888220250606537
-0.020822402089834213, 1.0122944116592407
0.13351590931415558, 0.3094039857387543
-0.5170906186103821, 0.639397144317627
-1.1345863342285156, 0.4781118929386139
0.15431421995162964, 0.44242143630981445
-1.1513105630874634, 1.617901086807251
-0.6710827350616455, 0.32204174995422363
-0.4247530400753021, 0.8555275201797485
-0.44061246514320374, 0.7324811816215515
0.6048794388771057, 1.2050703763961792
-0.8390967845916748, 0.4998658299446106
0.056266602128744125, -0.4424217939376831
